epoch,lr,stage,step,time,train_data,train_ic,train_phys,train_total,val_data,val_ic,val_phys,val_total
0,0.001,adam,1,12.130693674087524,0.06380403645498714,0.0,8.072596790630277,8.136400827085264,,,,
1,0.001,adam,2,12.144463777542114,0.05552792684189106,0.0,5.361707445863662,5.417235372705553,,,,
2,0.001,adam,3,12.156514167785645,0.05073001648179318,0.0,2.9079947149444316,2.9587247314262246,,,,
3,0.001,adam,4,12.173123359680176,0.04943880065725851,0.0,1.5620955695550056,1.6115343702122642,,,,
4,0.001,adam,5,12.18347430229187,0.05074157150344361,0.0,0.7347256304660859,0.7854672019695295,,,,
5,0.001,adam,6,12.193455934524536,0.05395621973162196,0.0,0.5204575849152203,0.5744138046468423,,,,
6,0.001,adam,7,12.203782558441162,0.057590021595248585,0.0,0.8396285936341517,0.8972186152294003,,,,
7,0.001,adam,8,12.233214616775513,0.05919605090874181,0.0,1.288673805020967,1.3478698559297089,,,,
8,0.001,adam,9,12.243397235870361,0.05771066631503075,0.0,1.191336199288269,1.2490468656032998,,,,
9,0.001,adam,10,12.253271579742432,0.05451259891535517,0.0,0.8397359049733811,0.8942485038887363,,,,
10,0.001,adam,11,12.26596975326538,0.051143262763482196,0.0,0.5269400409816205,0.5780833037451028,,,,
11,0.001,adam,12,12.277669191360474,0.048287110007610934,0.0,0.3753182500932867,0.4236053601008976,,,,
12,0.001,adam,13,12.291149377822876,0.04627355333184101,0.0,0.4035284970768152,0.44980205040865623,,,,
13,0.001,adam,14,12.301586389541626,0.045027262822834556,0.0,0.5570329930827986,0.6020602559056332,,,,
14,0.001,adam,15,12.323972463607788,0.04464712699112258,0.0,0.7442097422038885,0.7888568691950111,,,,
15,0.001,adam,16,12.33902359008789,0.04481974784151985,0.0,0.8659302215918923,0.9107499694334121,,,,
16,0.001,adam,17,12.350089311599731,0.04535307750105346,0.0,0.6005896630373722,0.6459427405384256,,,,
17,0.001,adam,18,12.360447645187378,0.046170715176461985,0.0,0.48333265880953197,0.529503373985994,,,,
18,0.001,adam,19,12.37391185760498,0.04711564820325293,0.0,0.4507459886488867,0.49786163685213963,,,,
19,0.001,adam,20,12.383555173873901,0.047897098107369473,0.0,0.34457567512960696,0.39247277323697644,0.051003043561956965,0.0,0.3311379677451481,0.38214101130710504
20,0.001,adam,21,13.482575178146362,0.04836387387817005,0.0,0.35560324039706137,0.4039671142752314,,,,
21,0.001,adam,22,13.499626636505127,0.048514509869705645,0.0,0.3591985933666592,0.40771310323636484,,,,
22,0.001,adam,23,13.512330293655396,0.04819944725998517,0.0,0.4050333912382202,0.45323283849820534,,,,
23,0.001,adam,24,13.523061513900757,0.0473268138288968,0.0,0.43501441966763654,0.48234123349653335,,,,
24,0.001,adam,25,13.558328628540039,0.045915172612731515,0.0,0.3599185532340254,0.4058337258467569,,,,
25,0.001,adam,26,13.572325468063354,0.044302709058237924,0.0,0.30884035262879783,0.35314306168703574,,,,
26,0.001,adam,27,13.581865310668945,0.04270405404134972,0.0,0.29592440560384387,0.3386284596451936,,,,
27,0.001,adam,28,13.591729402542114,0.04131598597314309,0.0,0.2606069653199363,0.30192295129307944,,,,
28,0.001,adam,29,13.60346508026123,0.04017221803496518,0.0,0.2933895170413386,0.33356173507630377,,,,
29,0.001,adam,30,13.615626096725464,0.03929974590558482,0.0,0.23643160626540166,0.2757313521709865,,,,
30,0.001,adam,31,13.631564855575562,0.038617853219087964,0.0,0.33639570765341376,0.3750135608725017,,,,
31,0.001,adam,32,13.6410653591156,0.038211292870702886,0.0,0.3152736538222224,0.3534849466929253,,,,
32,0.001,adam,33,13.656958103179932,0.03805047006929848,0.0,0.21573425166249324,0.25378472173179173,,,,
33,0.001,adam,34,13.667525053024292,0.03811206616399994,0.0,0.271894272095995,0.3100063382599949,,,,
34,0.001,adam,35,13.677241802215576,0.038328040055177634,0.0,0.285940373258717,0.32426841331389467,,,,
35,0.001,adam,36,13.690657138824463,0.03870346825308163,0.0,0.24326539777023556,0.28196886602331717,,,,
36,0.001,adam,37,13.701474666595459,0.03903577066778551,0.0,0.2600902717426684,0.29912604241045393,,,,
37,0.001,adam,38,13.71192479133606,0.039206438674506634,0.0,0.21091906712408637,0.250125505798593,,,,
38,0.001,adam,39,13.723432302474976,0.0391832124671878,0.0,0.2343428390181889,0.2735260514853767,,,,
39,0.001,adam,40,13.732462406158447,0.0390218143336477,0.0,0.24014053519018014,0.27916234952382785,0.04271193082988473,0.0,0.23829502128716504,0.2810069521170498
40,0.001,adam,41,13.753357648849487,0.03871172425486401,0.0,0.2084341124506855,0.24714583670554952,,,,
41,0.001,adam,42,13.762373685836792,0.03835291580500662,0.0,0.2549883440976499,0.2933412599026565,,,,
42,0.001,adam,43,13.77214765548706,0.037905873872227706,0.0,0.2535378362938023,0.29144371016603,,,,
43,0.001,adam,44,13.781989574432373,0.03734542207575669,0.0,0.2191390650049144,0.25648448708067106,,,,
44,0.001,adam,45,13.79409122467041,0.036792521293319974,0.0,0.2181142672395307,0.25490678853285065,,,,
45,0.001,adam,46,13.804147720336914,0.03635832422255362,0.0,0.21592171575744423,0.25228003997999787,,,,
46,0.001,adam,47,13.8165283203125,0.03609413943512144,0.0,0.22846842999980949,0.26456256943493095,,,,
47,0.001,adam,48,13.833289861679077,0.035996918184958655,0.0,0.27770235419642314,0.3136992723813818,,,,
48,0.001,adam,49,13.844711065292358,0.036084659515668006,0.0,0.19528265693476382,0.23136731645043182,,,,
49,0.001,adam,50,13.8554208278656,0.03603003840100051,0.0,0.31577944021978543,0.35180947862078593,,,,
50,0.001,adam,51,13.864726305007935,0.03594430721643662,0.0,0.21505111733782437,0.250995424554261,,,,
51,0.001,adam,52,13.880136966705322,0.03586460014980459,0.0,0.25489889710463054,0.2907634972544351,,,,
52,0.001,adam,53,13.890095233917236,0.03587255601558779,0.0,0.2397695656036606,0.2756421216192484,,,,
53,0.001,adam,54,13.899503231048584,0.035896969259803686,0.0,0.2287368750021997,0.26463384426200337,,,,
54,0.001,adam,55,13.911621570587158,0.0357228532722508,0.0,0.2000648053968966,0.23578765866914742,,,,
55,0.001,adam,56,13.922319889068604,0.03536417760285747,0.0,0.21616815065748476,0.2515323282603422,,,,
56,0.001,adam,57,13.938114404678345,0.0350108560822381,0.0,0.22448355619950258,0.2594944122817407,,,,
57,0.001,adam,58,13.948669910430908,0.03477957431005402,0.0,0.2089812996456364,0.2437608739556904,,,,
58,0.001,adam,59,13.958961248397827,0.0346986642404634,0.0,0.20659884250821997,0.2412975067486834,,,,
59,0.001,adam,60,13.972964525222778,0.03470293941705747,0.0,0.21744647870816677,0.25214941812522423,0.038361281527366876,0.0,0.1986812542757815,0.23704253580314838
60,0.001,adam,61,13.99354338645935,0.03481497408105651,0.0,0.19641566748471245,0.23123064156576895,,,,
61,0.001,adam,62,14.007791519165039,0.03485070460203212,0.0,0.2056449862341101,0.24049569083614222,,,,
62,0.001,adam,63,14.017078161239624,0.034735573692063045,0.0,0.17853612610617187,0.2132716997982349,,,,
63,0.001,adam,64,14.027737617492676,0.03463218575962866,0.0,0.19422342373647905,0.22885560949610773,,,,
64,0.001,adam,65,14.037478923797607,0.034522606216769176,0.0,0.1848794068839534,0.21940201310072258,,,,
65,0.001,adam,66,14.051879644393921,0.03440529617451827,0.0,0.194695910886832,0.22910120706135026,,,,
66,0.001,adam,67,14.062672853469849,0.034304480146712696,0.0,0.17767507930622337,0.21197955945293606,,,,
67,0.001,adam,68,14.072383403778076,0.03407060136171707,0.0,0.22035302991726854,0.2544236312789856,,,,
68,0.001,adam,69,14.082889318466187,0.033774334297531614,0.0,0.17946537350978742,0.21323970780731905,,,,
69,0.001,adam,70,14.095346689224243,0.03345170169811823,0.0,0.1884058081474236,0.22185750984554184,,,,
70,0.001,adam,71,14.109945297241211,0.03325359117596325,0.0,0.2100041837577568,0.24325777493372006,,,,
71,0.001,adam,72,14.121147394180298,0.033177958294423715,0.0,0.15973683473415395,0.19291479302857767,,,,
72,0.001,adam,73,14.130716800689697,0.03314095790997968,0.0,0.17685297576333853,0.2099939336733182,,,,
73,0.001,adam,74,14.146250009536743,0.033160316013442215,0.0,0.1682820017011454,0.20144231771458762,,,,
74,0.001,adam,75,14.156052350997925,0.03311535487008258,0.0,0.20356436517091736,0.23667972004099994,,,,
75,0.001,adam,76,14.165335416793823,0.0330251883463096,0.0,0.1903796987469428,0.2234048870932524,,,,
76,0.001,adam,77,14.175424814224243,0.03293656021707109,0.0,0.1681079431119404,0.2010445033290115,,,,
77,0.001,adam,78,14.188782691955566,0.03282141509261714,0.0,0.17511545389572844,0.20793686898834557,,,,
78,0.001,adam,79,14.19792652130127,0.03271693139698259,0.0,0.18923483017304482,0.2219517615700274,,,,
79,0.001,adam,80,14.209323644638062,0.032603107393154786,0.0,0.24169106826908093,0.27429417566223574,0.03600965794728501,0.0,0.17586637402361288,0.21187603197089788
80,0.001,adam,81,14.228193283081055,0.03243664820086051,0.0,0.1705869585706231,0.2030236067714836,,,,
81,0.001,adam,82,14.237889289855957,0.032242994438998036,0.0,0.15266053886854164,0.18490353330753967,,,,
82,0.001,adam,83,14.252272844314575,0.031922753732187545,0.0,0.15194003943516038,0.18386279316734794,,,,
83,0.001,adam,84,14.283759355545044,0.031581168011902847,0.0,0.19859338919438843,0.23017455720629126,,,,
84,0.001,adam,85,14.294536352157593,0.03139256529821504,0.0,0.21119060129059833,0.24258316658881338,,,,
85,0.001,adam,86,14.308570384979248,0.03142096128757152,0.0,0.1933012954531363,0.2247222567407078,,,,
86,0.001,adam,87,14.318528890609741,0.03156715047943345,0.0,0.1642846047594284,0.19585175523886186,,,,
87,0.001,adam,88,14.33033037185669,0.0316096128923698,0.0,0.18002307908441684,0.21163269197678664,,,,
88,0.001,adam,89,14.360826253890991,0.031583036875234415,0.0,0.19455240333916812,0.22613544021440254,,,,
89,0.001,adam,90,14.370070457458496,0.031612024297546636,0.0,0.20347350210421392,0.23508552640176056,,,,
90,0.001,adam,91,14.388252973556519,0.031625701885726026,0.0,0.16896485721481225,0.20059055910053827,,,,
91,0.001,adam,92,14.398603439331055,0.03137324407034709,0.0,0.17508487977107187,0.20645812384141896,,,,
92,0.001,adam,93,14.407846212387085,0.03106298868652318,0.0,0.16843256716259405,0.19949555584911724,,,,
93,0.001,adam,94,14.417099475860596,0.030777191327767597,0.0,0.178567651004924,0.2093448423326916,,,,
94,0.001,adam,95,14.427881479263306,0.030673718652552036,0.0,0.1534144426288953,0.18408816128144734,,,,
95,0.001,adam,96,14.43879508972168,0.030560076246685036,0.0,0.2119291687946585,0.24248924504134353,,,,
96,0.001,adam,97,14.450883388519287,0.030448937166661246,0.0,0.1807483252646075,0.21119726243126874,,,,
97,0.001,adam,98,14.462023258209229,0.03043651168875062,0.0,0.15637314119385534,0.18680965288260595,,,,
98,0.001,adam,99,14.4713613986969,0.030431393707157972,0.0,0.16466599354088118,0.19509738724803916,,,,
99,0.001,adam,100,14.480411529541016,0.030377201534813682,0.0,0.1655864114851719,0.19596361301998558,0.0340126787044961,0.0,0.16210268509434014,0.19611536379883623
100,0.001,adam,101,14.500364542007446,0.03032868387964229,0.0,0.164676451148408,0.1950051350280503,,,,
101,0.001,adam,102,14.516965389251709,0.030267052106267102,0.0,0.156942775227701,0.1872098273339681,,,,
102,0.001,adam,103,14.527155876159668,0.030080567339278885,0.0,0.15297166368576537,0.18305223102504425,,,,
103,0.001,adam,104,14.53962230682373,0.029832721994052038,0.0,0.1603503029745419,0.19018302496859393,,,,
104,0.001,adam,105,14.550930976867676,0.029632836729003926,0.0,0.15882431222025686,0.1884571489492608,,,,
105,0.001,adam,106,14.560499906539917,0.02945980066312974,0.0,0.18183257679214854,0.2112923774552783,,,,
106,0.001,adam,107,14.570825099945068,0.0293222169401092,0.0,0.19113917280029896,0.22046138974040816,,,,
107,0.001,adam,108,14.581337928771973,0.02930929098920372,0.0,0.17229733751648157,0.20160662850568528,,,,
108,0.001,adam,109,14.593992471694946,0.029441979016173736,0.0,0.15449989578186807,0.1839418747980418,,,,
109,0.001,adam,110,14.60854959487915,0.029502669771780482,0.0,0.1595647245043062,0.18906739427608668,,,,
110,0.001,adam,111,14.618451833724976,0.029337142297156497,0.0,0.15305497880186078,0.18239212109901728,,,,
111,0.001,adam,112,14.630995273590088,0.029131509503395308,0.0,0.1649160252627387,0.194047534766134,,,,
112,0.001,adam,113,14.657764196395874,0.02889072601378015,0.0,0.17096560559510404,0.1998563316088842,,,,
113,0.001,adam,114,14.667874574661255,0.028626131768432542,0.0,0.14250691209862212,0.17113304386705466,,,,
114,0.001,adam,115,14.678267478942871,0.028522099104575163,0.0,0.1377084098722711,0.16623050897684627,,,,
115,0.001,adam,116,14.68972659111023,0.02831600873073253,0.0,0.15540376874741701,0.18371977747814955,,,,
116,0.001,adam,117,14.700921535491943,0.028191483562355537,0.0,0.16295347022132328,0.19114495378367882,,,,
117,0.001,adam,118,14.71013355255127,0.028235000697228018,0.0,0.15071555971023623,0.17895056040746424,,,,
118,0.001,adam,119,14.721042394638062,0.028412455113957732,0.0,0.13846883353085132,0.16688128864480906,,,,
119,0.001,adam,120,14.751761436462402,0.028383289628142194,0.0,0.14077052555492636,0.16915381518306855,0.03178611227855787,0.0,0.15113440858714652,0.1829205208657044
120,0.001,adam,121,14.771094560623169,0.028149637549310703,0.0,0.14943362385308429,0.177583261402395,,,,
121,0.001,adam,122,14.784330129623413,0.02799578309689778,0.0,0.14757521549799396,0.17557099859489175,,,,
122,0.001,adam,123,14.793944120407104,0.027940687167884285,0.0,0.14830605649038367,0.17624674365826795,,,,
123,0.001,adam,124,14.803292989730835,0.02776490471242552,0.0,0.1585307787485008,0.18629568346092631,,,,
124,0.001,adam,125,14.832100868225098,0.027504970392987157,0.0,0.1494938222693654,0.17699879266235255,,,,
125,0.001,adam,126,14.842628240585327,0.02739736010118803,0.0,0.14788016075598315,0.1752775208571712,,,,
126,0.001,adam,127,14.856354713439941,0.02748849445033214,0.0,0.1535662488878851,0.18105474333821722,,,,
127,0.001,adam,128,14.867244720458984,0.027476660251476985,0.0,0.15217524809365698,0.17965190834513398,,,,
128,0.001,adam,129,14.880823135375977,0.0271907732104404,0.0,0.14077424590046594,0.16796501911090633,,,,
129,0.001,adam,130,14.899778604507446,0.02703458367663734,0.0,0.14509462044408536,0.1721292041207227,,,,
130,0.001,adam,131,14.91231107711792,0.02702996372105444,0.0,0.14210112824496005,0.16913109196601447,,,,
131,0.001,adam,132,14.925371646881104,0.02707060441586907,0.0,0.15263565548011632,0.17970625989598538,,,,
132,0.001,adam,133,14.940263032913208,0.026838544676027715,0.0,0.15469748022016797,0.1815360248961957,,,,
133,0.001,adam,134,14.953943490982056,0.026685044202997277,0.0,0.15504655636286838,0.18173160056586565,,,,
134,0.001,adam,135,14.964710712432861,0.026803277575514897,0.0,0.14062235272329698,0.16742563029881188,,,,
135,0.001,adam,136,14.975810527801514,0.02670983557752717,0.0,0.1464077318499048,0.17311756742743198,,,,
136,0.001,adam,137,14.98539423942566,0.02643147575899594,0.0,0.14225345769129202,0.16868493345028795,,,,
137,0.001,adam,138,14.998185634613037,0.026434005907017687,0.0,0.1481165054496985,0.1745505113567162,,,,
138,0.001,adam,139,15.007517576217651,0.026558475031462792,0.0,0.1374224773977836,0.1639809524292464,,,,
139,0.001,adam,140,15.020495653152466,0.026679140460623536,0.0,0.15140859931911121,0.17808773977973474,0.030204620074020864,0.0,0.1468727056042348,0.17707732567825565
140,0.001,adam,141,15.041326999664307,0.026395718978562924,0.0,0.1421357464771074,0.16853146545567033,,,,
141,0.001,adam,142,15.05081844329834,0.026241666105006493,0.0,0.14882476931958202,0.17506643542458852,,,,
142,0.001,adam,143,15.060477495193481,0.02625449045626327,0.0,0.14086530553151466,0.16711979598777793,,,,
143,0.001,adam,144,15.070557117462158,0.026073816460220493,0.0,0.1453082296420137,0.1713820461022342,,,,
144,0.001,adam,145,15.084476709365845,0.02571520313627021,0.0,0.14639007706843055,0.17210528020470076,,,,
145,0.001,adam,146,15.097195148468018,0.025658578538121788,0.0,0.1710636459773727,0.19672222451549448,,,,
146,0.001,adam,147,15.106625080108643,0.02599942128028201,0.0,0.15641270630060927,0.1824121275808913,,,,
147,0.001,adam,148,15.116159439086914,0.026073800757785752,0.0,0.17228793897499678,0.19836173973278254,,,,
148,0.001,adam,149,15.12664532661438,0.025954536141880927,0.0,0.13418926635917366,0.1601438025010546,,,,
149,0.001,adam,150,15.14283275604248,0.02574321489431539,0.0,0.14407791664116756,0.16982113153548295,,,,
150,0.001,adam,151,15.161510467529297,0.025511819071456786,0.0,0.1327352069065028,0.1582470259779596,,,,
151,0.001,adam,152,15.175451755523682,0.025271983813387695,0.0,0.14603111243856653,0.17130309625195422,,,,
152,0.001,adam,153,15.187203645706177,0.025100707655938238,0.0,0.13166146488972288,0.15676217254566113,,,,
153,0.001,adam,154,15.197222709655762,0.02507703605083356,0.0,0.1492643333790941,0.17434136942992765,,,,
154,0.001,adam,155,15.208320379257202,0.025301384582157378,0.0,0.13299978978573238,0.15830117436788976,,,,
155,0.001,adam,156,15.224849462509155,0.025345701946555742,0.0,0.15709916780108896,0.1824448697476447,,,,
156,0.001,adam,157,15.234683275222778,0.025096553410493817,0.0,0.14138767115939377,0.1664842245698876,,,,
157,0.001,adam,158,15.244420528411865,0.025007734397383925,0.0,0.1427870211535883,0.16779475555097223,,,,
158,0.001,adam,159,15.255748748779297,0.025108516128566318,0.0,0.1603231276706561,0.18543164379922242,,,,
159,0.001,adam,160,15.268367767333984,0.025204337646208018,0.0,0.15438215871652022,0.17958649636272825,0.028847081279785004,0.0,0.1405633342901979,0.1694104155699829
160,0.001,adam,161,15.318868637084961,0.02505576499399796,0.0,0.1416460987553672,0.1667018637493652,,,,
161,0.001,adam,162,15.330074310302734,0.024834977769273136,0.0,0.13751794120831212,0.16235291897758525,,,,
162,0.001,adam,163,15.341421365737915,0.024663926098038018,0.0,0.13224410594980004,0.15690803204783807,,,,
163,0.001,adam,164,15.358751773834229,0.024539640890201646,0.0,0.18068753230074114,0.20522717319094277,,,,
164,0.001,adam,165,15.377396583557129,0.024497386920755048,0.0,0.16174087349921223,0.18623826041996727,,,,
165,0.001,adam,166,15.387075662612915,0.0247078756299211,0.0,0.14640143505498693,0.17110931068490803,,,,
166,0.001,adam,167,15.403156995773315,0.024853148288736488,0.0,0.15292340731958087,0.17777655560831737,,,,
167,0.001,adam,168,15.413472890853882,0.02488258785012167,0.0,0.13648673216536863,0.16136932001549031,,,,
168,0.001,adam,169,15.42412257194519,0.02468897577374826,0.0,0.14027980643859564,0.1649687822123439,,,,
169,0.001,adam,170,15.438367128372192,0.024449682086189875,0.0,0.13313148441944184,0.1575811665056317,,,,
170,0.001,adam,171,15.451489448547363,0.02411260495939991,0.0,0.13502785216716903,0.15914045712656893,,,,
171,0.001,adam,172,15.46061086654663,0.023749654961391097,0.0,0.17789493896080452,0.2016445939221956,,,,
172,0.001,adam,173,15.47066068649292,0.023731889939102534,0.0,0.16486406552964145,0.18859595546874397,,,,
173,0.001,adam,174,15.504181623458862,0.024308530963995517,0.0,0.14440865368468897,0.1687171846486845,,,,
174,0.001,adam,175,15.522677659988403,0.024756699176562137,0.0,0.14653280823643186,0.171289507412994,,,,
175,0.001,adam,176,15.533377647399902,0.024689971784015146,0.0,0.14911332385105272,0.17380329563506786,,,,
176,0.001,adam,177,15.5657377243042,0.024562845408954714,0.0,0.14515903495706556,0.16972188036602026,,,,
177,0.001,adam,178,15.578236818313599,0.02432773045058972,0.0,0.13909913151502643,0.16342686196561615,,,,
178,0.001,adam,179,15.587905645370483,0.02384692138151427,0.0,0.15678038841046882,0.1806273097919831,,,,
179,0.001,adam,180,15.59699535369873,0.023440538188303515,0.0,0.1381989550673779,0.16163949325568142,0.02747775116186391,0.0,0.13949718499188477,0.16697493615374867
180,0.001,adam,181,15.617719411849976,0.023500255982474287,0.0,0.13840968980188817,0.16190994578436246,,,,
181,0.001,adam,182,15.635521411895752,0.023863853324422646,0.0,0.1619930271355611,0.18585688045998375,,,,
182,0.001,adam,183,15.645272493362427,0.023959074896339437,0.0,0.13658908992624932,0.16054816482258877,,,,
183,0.001,adam,184,15.65673565864563,0.023938500983594797,0.0,0.15980489509069212,0.1837433960742869,,,,
184,0.001,adam,185,15.667107343673706,0.024018233599417443,0.0,0.12689864054492647,0.1509168741443439,,,,
185,0.001,adam,186,15.678795099258423,0.023993904553646174,0.0,0.1364037351742203,0.16039763972786647,,,,
186,0.001,adam,187,15.698379278182983,0.023771755200069782,0.0,0.16507262112456916,0.18884437632463894,,,,
187,0.001,adam,188,15.70930290222168,0.023479339028908346,0.0,0.13748550080637814,0.16096483983528648,,,,
188,0.001,adam,189,15.719192028045654,0.023506862478587135,0.0,0.1444854419554074,0.16799230443399454,,,,
189,0.001,adam,190,15.73871636390686,0.023904828800012205,0.0,0.14328572763360525,0.16719055643361747,,,,
190,0.001,adam,191,15.756863594055176,0.023846255616056262,0.0,0.13826786794141904,0.16211412355747531,,,,
191,0.001,adam,192,15.769643306732178,0.02359672314628041,0.0,0.15359291946882592,0.17718964261510634,,,,
192,0.001,adam,193,15.78071403503418,0.02356948512336797,0.0,0.1294210592798039,0.1529905444031719,,,,
193,0.001,adam,194,15.791218042373657,0.023375224262589173,0.0,0.141775424336661,0.16515064859925016,,,,
194,0.001,adam,195,15.801942825317383,0.023203344052380462,0.0,0.1296504276043291,0.15285377165670955,,,,
195,0.001,adam,196,15.815990209579468,0.023214173081670078,0.0,0.16676787653435485,0.18998204961602494,,,,
196,0.001,adam,197,15.832197666168213,0.023568851781407912,0.0,0.13911923171809987,0.16268808349950778,,,,
197,0.001,adam,198,15.842169523239136,0.023795985973471108,0.0,0.18017596469414063,0.20397195066761173,,,,
198,0.001,adam,199,15.855203866958618,0.023591436967260713,0.0,0.14494091196257172,0.16853234892983243,,,,
199,0.001,adam,200,15.865713119506836,0.023469068721277197,0.0,0.1534087544883814,0.17687782320965859,0.02755059793142142,0.0,0.13527162596071557,0.162822223892137
200,0.001,adam,201,15.885602951049805,0.02350565776712522,0.0,0.14651711336442624,0.17002277113155145,,,,
201,0.001,adam,202,15.897674083709717,0.02334038322999533,0.0,0.14339475811466001,0.16673514134465534,,,,
202,0.001,adam,203,15.918731212615967,0.023138509100481815,0.0,0.14941152461639323,0.17255003371687505,,,,
203,0.001,adam,204,15.941881895065308,0.023280766127727857,0.0,0.1347889996744634,0.15806976580219126,,,,
204,0.001,adam,205,15.960790395736694,0.02342096763786018,0.0,0.13899297304538089,0.16241394068324105,,,,
205,0.001,adam,206,15.973833084106445,0.02309015387248037,0.0,0.1400966344342361,0.16318678830671646,,,,
206,0.001,adam,207,15.984193801879883,0.02291084372374463,0.0,0.1533073617503424,0.17621820547408704,,,,
207,0.001,adam,208,15.99805998802185,0.022961290135552374,0.0,0.12947707688815197,0.15243836702370434,,,,
208,0.001,adam,209,16.00783395767212,0.023003419901977226,0.0,0.12692329588564405,0.1499267157876213,,,,
209,0.001,adam,210,16.020236253738403,0.02296192664337898,0.0,0.1307373148521636,0.1536992414955426,,,,
210,0.001,adam,211,16.035279512405396,0.022923720935731053,0.0,0.1269455775808293,0.14986929851656036,,,,
211,0.001,adam,212,16.04633617401123,0.022870726204752105,0.0,0.14541976586067984,0.16829049206543195,,,,
212,0.001,adam,213,16.0569326877594,0.022977492472283978,0.0,0.1653634725449617,0.18834096501724568,,,,
213,0.001,adam,214,16.0685076713562,0.0228680684341988,0.0,0.12479882036235342,0.1476668887965522,,,,
214,0.001,adam,215,16.082271575927734,0.022697435261137357,0.0,0.1431549664453342,0.16585240170647156,,,,
215,0.001,adam,216,16.09149169921875,0.02262943927630667,0.0,0.1409032260788165,0.16353266535512317,,,,
216,0.001,adam,217,16.102346897125244,0.02271778376760013,0.0,0.13748330237302586,0.160201086140626,,,,
217,0.001,adam,218,16.112111806869507,0.02258097271937346,0.0,0.11800932003963585,0.1405902927590093,,,,
218,0.001,adam,219,16.128231048583984,0.022405105400936907,0.0,0.17015465874523997,0.19255976414617687,,,,
219,0.001,adam,220,16.138332843780518,0.0225823365963576,0.0,0.131591526224976,0.1541738628213336,0.026749157993309108,0.0,0.13200622061144196,0.15875537860475106
220,0.001,adam,221,16.166582345962524,0.022686979710962576,0.0,0.1337173043987138,0.15640428410967638,,,,
221,0.001,adam,222,16.19334888458252,0.02256239439972144,0.0,0.12951608889839591,0.15207848329811735,,,,
222,0.001,adam,223,16.20326256752014,0.022487016586529414,0.0,0.12663270884163988,0.1491197254281693,,,,
223,0.001,adam,224,16.212817668914795,0.022448534783295546,0.0,0.13448731078672588,0.15693584557002144,,,,
224,0.001,adam,225,16.223047256469727,0.022506337520038333,0.0,0.1287825837021684,0.15128892122220675,,,,
225,0.001,adam,226,16.239676475524902,0.022596096864101425,0.0,0.13899029016658712,0.16158638703068856,,,,
226,0.001,adam,227,16.249773502349854,0.022475694665872206,0.0,0.13461946252552331,0.15709515719139552,,,,
227,0.001,adam,228,16.260272979736328,0.022395671191804342,0.0,0.15344840335732135,0.1758440745491257,,,,
228,0.001,adam,229,16.27446413040161,0.022476726952978667,0.0,0.1271869780930567,0.14966370504603538,,,,
229,0.001,adam,230,16.285234451293945,0.022217414519859615,0.0,0.12584436096176982,0.14806177548162944,,,,
230,0.001,adam,231,16.296546697616577,0.022060023377531206,0.0,0.14798429202867505,0.17004431540620626,,,,
231,0.001,adam,232,16.31010365486145,0.022220529018348138,0.0,0.13449602359156063,0.15671655260990877,,,,
232,0.001,adam,233,16.320393562316895,0.022443297363140095,0.0,0.1340260728196135,0.15646937018275361,,,,
233,0.001,adam,234,16.334860801696777,0.022373481836182724,0.0,0.13043832588584306,0.1528118077220258,,,,
234,0.001,adam,235,16.3461856842041,0.022289719348061583,0.0,0.13880667669869678,0.16109639604675838,,,,
235,0.001,adam,236,16.35554790496826,0.022295251423239373,0.0,0.13450320471558824,0.15679845613882762,,,,
236,0.001,adam,237,16.365686655044556,0.022324493810671364,0.0,0.15459193464787183,0.1769164284585432,,,,
237,0.001,adam,238,16.375030994415283,0.022257244596120423,0.0,0.13805030763400267,0.16030755223012308,,,,
238,0.001,adam,239,16.384792804718018,0.02226734933058581,0.0,0.13325795085610279,0.1555253001866886,,,,
239,0.001,adam,240,16.394320249557495,0.022456957699332137,0.0,0.1389783426559335,0.16143530035526565,0.02664631872405719,0.0,0.12887498353424517,0.15552130225830235
240,0.001,adam,241,16.41495394706726,0.022363844812649622,0.0,0.12306086302343984,0.14542470783608946,,,,
241,0.001,adam,242,16.42601990699768,0.022049631911463734,0.0,0.12952500228770736,0.15157463419917108,,,,
242,0.001,adam,243,16.435768365859985,0.021824492755024984,0.0,0.11930079268842304,0.14112528544344802,,,,
243,0.001,adam,244,16.44669818878174,0.021854153167506177,0.0,0.13496455523307693,0.1568187084005831,,,,
244,0.001,adam,245,16.457207441329956,0.02186083101331455,0.0,0.13016408508043611,0.15202491609375066,,,,
245,0.001,adam,246,16.467053651809692,0.02200625009376416,0.0,0.1382907175583868,0.16029696765215096,,,,
246,0.001,adam,247,16.480586051940918,0.0223212278266228,0.0,0.12413609078986912,0.14645731861649192,,,,
247,0.001,adam,248,16.489995002746582,0.022336679028936834,0.0,0.13565902247979586,0.15799570150873268,,,,
248,0.001,adam,249,16.50376296043396,0.02189538068911246,0.0,0.12616849829782345,0.1480638789869359,,,,
249,0.001,adam,250,16.513673305511475,0.021493722705395228,0.0,0.13355854561651284,0.15505226832190808,,,,
250,0.001,adam,251,16.526057958602905,0.02155897029775764,0.0,0.12441030211606026,0.1459692724138179,,,,
251,0.001,adam,252,16.53669309616089,0.02186981803494667,0.0,0.125348640453254,0.14721845848820067,,,,
252,0.001,adam,253,16.546719074249268,0.021955854932801493,0.0,0.11943132221902827,0.14138717715182977,,,,
253,0.001,adam,254,16.5565767288208,0.021859405343430147,0.0,0.1412102498365023,0.16306965517993244,,,,
254,0.001,adam,255,16.586745738983154,0.021841898797788455,0.0,0.13451107981038465,0.1563529786081731,,,,
255,0.001,adam,256,16.596762895584106,0.02180427516058765,0.0,0.13611949198270296,0.1579237671432906,,,,
256,0.001,adam,257,16.611318826675415,0.021691769310467124,0.0,0.12625000253943877,0.1479417718499059,,,,
257,0.001,adam,258,16.638522386550903,0.021763482631024778,0.0,0.12197376489407559,0.14373724752510036,,,,
258,0.001,adam,259,16.64954423904419,0.02192585574826964,0.0,0.12326388502084025,0.1451897407691099,,,,
259,0.001,adam,260,16.66468596458435,0.021945881450350292,0.0,0.13215506202128008,0.15410094347163036,0.02596430551614133,0.0,0.1229752479651929,0.14893955348133422
260,0.001,adam,261,16.68645668029785,0.0216300894759646,0.0,0.12234874208645836,0.14397883156242297,,,,
261,0.001,adam,262,16.69841456413269,0.02148902108895401,0.0,0.12654170280091054,0.14803072388986455,,,,
262,0.001,adam,263,16.711769819259644,0.021531025499177275,0.0,0.12484484927325301,0.14637587477243028,,,,
263,0.001,adam,264,16.72994875907898,0.021548595667953592,0.0,0.11867829200803533,0.14022688767598893,,,,
264,0.001,adam,265,16.741249084472656,0.02159879320264096,0.0,0.11993906523978626,0.14153785844242722,,,,
265,0.001,adam,266,16.754638671875,0.021641606397730346,0.0,0.1329532010407932,0.15459480743852355,,,,
266,0.001,adam,267,16.787804126739502,0.02152884200727234,0.0,0.12147584394996644,0.14300468595723878,,,,
267,0.001,adam,268,16.797990798950195,0.021352293407886934,0.0,0.13010390314275874,0.15145619655064568,,,,
268,0.001,adam,269,16.809409379959106,0.021349508618671457,0.0,0.1185436004312467,0.13989310904991817,,,,
269,0.001,adam,270,16.82060694694519,0.021463794452056376,0.0,0.1301485572287408,0.15161235168079717,,,,
270,0.001,adam,271,16.839613914489746,0.021604492789668663,0.0,0.12704621287968032,0.148650705669349,,,,
271,0.001,adam,272,16.852452516555786,0.0217350041961593,0.0,0.12150080247222324,0.14323580666838254,,,,
272,0.001,adam,273,16.870656728744507,0.021553790743254468,0.0,0.12567568807342602,0.1472294788166805,,,,
273,0.001,adam,274,16.883002996444702,0.021059420325626375,0.0,0.12812304289217766,0.14918246321780404,,,,
274,0.001,adam,275,16.89541530609131,0.020728932809970492,0.0,0.1361464194445204,0.1568753522544909,,,,
275,0.001,adam,276,16.90635395050049,0.02104312529289216,0.0,0.12959333240461118,0.15063645769750333,,,,
276,0.001,adam,277,16.91766905784607,0.021653329877406945,0.0,0.11784419794132801,0.13949752781873495,,,,
277,0.001,adam,278,16.933007955551147,0.021786669148106,0.0,0.1323689650600629,0.1541556342081689,,,,
278,0.001,adam,279,16.944818258285522,0.021752335070344134,0.0,0.12572935081392894,0.14748168588427307,,,,
279,0.001,adam,280,16.955124616622925,0.021418021744644616,0.0,0.12502141366451025,0.14643943540915486,0.025295060803698415,0.0,0.12601769413572853,0.15131275493942695
280,0.001,adam,281,16.9897620677948,0.020777051543110197,0.0,0.13133117542680864,0.15210822696991882,,,,
281,0.001,adam,282,17.00273561477661,0.02065091380691594,0.0,0.13239674675966256,0.1530476605665785,,,,
282,0.001,adam,283,17.014335870742798,0.021215848288268817,0.0,0.12183661380627372,0.14305246209454253,,,,
283,0.001,adam,284,17.027424335479736,0.02169734490257979,0.0,0.12754962459599106,0.14924696949857086,,,,
284,0.001,adam,285,17.046015739440918,0.021592851248973085,0.0,0.12764437630816822,0.1492372275571413,,,,
285,0.001,adam,286,17.057412147521973,0.021375416337193934,0.0,0.1368591486712017,0.1582345650083956,,,,
286,0.001,adam,287,17.069236993789673,0.021335317012950068,0.0,0.14893362350675168,0.17026894051970176,,,,
287,0.001,adam,288,17.086994171142578,0.021067846623172556,0.0,0.13091399351496302,0.1519818401381356,,,,
288,0.001,adam,289,17.103091716766357,0.02087334947722104,0.0,0.13391957860270431,0.15479292807992534,,,,
289,0.001,adam,290,17.11357569694519,0.02131253721031019,0.0,0.13240189898203064,0.15371443619234082,,,,
290,0.001,adam,291,17.126633644104004,0.02139037394744282,0.0,0.12416991822114043,0.14556029216858324,,,,
291,0.001,adam,292,17.137388467788696,0.020915112974439737,0.0,0.12870024958672793,0.14961536256116767,,,,
292,0.001,adam,293,17.16427993774414,0.020914952475419742,0.0,0.12637508349517573,0.14729003597059548,,,,
293,0.001,adam,294,17.175048112869263,0.021404110527459417,0.0,0.1280525412857612,0.14945665181322063,,,,
294,0.001,adam,295,17.18971347808838,0.021021311748152756,0.0,0.12086098954121227,0.14188230128936502,,,,
295,0.001,adam,296,17.20018172264099,0.020661226267124896,0.0,0.12012879223150001,0.1407900184986249,,,,
296,0.001,adam,297,17.210833311080933,0.02064065556396159,0.0,0.12178063536137244,0.14242129092533404,,,,
297,0.001,adam,298,17.253767013549805,0.02079638621527095,0.0,0.1310412605418866,0.15183764675715755,,,,
298,0.001,adam,299,17.280452728271484,0.020780338717164632,0.0,0.11906836124717793,0.13984869996434257,,,,
299,0.001,adam,300,17.30529499053955,0.020827779712364766,0.0,0.1241905087885066,0.14501828850087137,0.025652456799589277,0.0,0.12215910830982465,0.14781156510941393
300,0.001,adam,301,17.353676319122314,0.021105036871018768,0.0,0.1229748660282326,0.14407990289925138,,,,
301,0.001,adam,302,17.37747859954834,0.020962856155506283,0.0,0.11508537031323045,0.13604822646873674,,,,
302,0.001,adam,303,17.41347861289978,0.020758221851028963,0.0,0.11889474802346789,0.13965296987449685,,,,
303,0.001,adam,304,17.429622173309326,0.020708155053495388,0.0,0.12072187982226264,0.14143003487575803,,,,
304,0.001,adam,305,17.457984924316406,0.020708775184861437,0.0,0.11498894405312274,0.13569771923798418,,,,
305,0.001,adam,306,17.478548049926758,0.02069058379753632,0.0,0.11281981423113448,0.1335103980286708,,,,
306,0.001,adam,307,17.498360872268677,0.02079217363906878,0.0,0.1371144568033367,0.1579066304424055,,,,
307,0.001,adam,308,17.535497188568115,0.021100371328479056,0.0,0.13391700688413385,0.1550173782126129,,,,
308,0.001,adam,309,17.557989597320557,0.020968082839791798,0.0,0.11788288936333935,0.13885097220313114,,,,
309,0.001,adam,310,17.59067726135254,0.020855556028198267,0.0,0.1268337259738537,0.14768928200205197,,,,
310,0.001,adam,311,17.614046812057495,0.0207708596756283,0.0,0.12065773958003485,0.14142859925566315,,,,
311,0.001,adam,312,17.640841722488403,0.02062861657955344,0.0,0.11540422818755977,0.13603284476711322,,,,
312,0.001,adam,313,17.66228938102722,0.02054629723534161,0.0,0.13223177876337106,0.15277807599871265,,,,
313,0.001,adam,314,17.68118166923523,0.020678904738420614,0.0,0.11782350679759987,0.1385024115360205,,,,
314,0.001,adam,315,17.70675039291382,0.020905082373084874,0.0,0.11273784962484487,0.13364293199792976,,,,
315,0.001,adam,316,17.717504739761353,0.020949186744193594,0.0,0.11888693658345113,0.13983612332764472,,,,
316,0.001,adam,317,17.72828197479248,0.020852687569738522,0.0,0.11913117001800022,0.13998385758773874,,,,
317,0.001,adam,318,17.737471103668213,0.020837784531470026,0.0,0.12581834008533463,0.14665612461680466,,,,
318,0.001,adam,319,17.76299524307251,0.02069079612982305,0.0,0.1230298511839694,0.14372064731379244,,,,
319,0.001,adam,320,17.77182960510254,0.02058010577318109,0.0,0.11985968451412807,0.14043979028730916,0.025150305882260596,0.0,0.11534833523607861,0.1404986411183392
320,0.001,adam,321,17.789879322052002,0.02054681641360156,0.0,0.11254609277923355,0.13309290919283512,,,,
321,0.001,adam,322,17.803505182266235,0.02049747934788273,0.0,0.11443520228331616,0.1349326816311989,,,,
322,0.001,adam,323,17.813075304031372,0.020509195908439123,0.0,0.11477461759819603,0.13528381350663515,,,,
323,0.001,adam,324,17.82284116744995,0.020699973252335743,0.0,0.11164755213703233,0.13234752538936806,,,,
324,0.001,adam,325,17.832170724868774,0.02063988336236374,0.0,0.11909547267395286,0.1397353560363166,,,,
325,0.001,adam,326,17.846030473709106,0.020602616611849135,0.0,0.11144855701186265,0.1320511736237118,,,,
326,0.001,adam,327,17.861416339874268,0.02040641476754974,0.0,0.10909650095188188,0.12950291571943162,,,,
327,0.001,adam,328,17.87308621406555,0.02036118496970505,0.0,0.10297281685026552,0.12333400181997056,,,,
328,0.001,adam,329,17.884441137313843,0.020344550936828333,0.0,0.12100011627765786,0.14134466721448619,,,,
329,0.001,adam,330,17.895930767059326,0.020313736526932025,0.0,0.11148646331999287,0.1318001998469249,,,,
330,0.001,adam,331,17.90638518333435,0.020355693363894388,0.0,0.10472033591872995,0.12507602928262435,,,,
331,0.001,adam,332,17.943507194519043,0.020419424841615248,0.0,0.11713575398775138,0.13755517882936663,,,,
332,0.001,adam,333,17.960190534591675,0.02056905218121739,0.0,0.12163001688932926,0.14219906907054664,,,,
333,0.001,adam,334,17.970267057418823,0.020267455082821222,0.0,0.13655762586924136,0.15682508095206257,,,,
334,0.001,adam,335,17.980509757995605,0.020236677877948018,0.0,0.11467823571031768,0.1349149135882657,,,,
335,0.001,adam,336,17.999404668807983,0.020526024106732446,0.0,0.13233927652872007,0.1528653006354525,,,,
336,0.001,adam,337,18.009159326553345,0.02027110987687967,0.0,0.11340549669365492,0.1336766065705346,,,,
337,0.001,adam,338,18.020071744918823,0.020174722416412504,0.0,0.13114475229898973,0.15131947471540222,,,,
338,0.001,adam,339,18.030066967010498,0.02025235527756844,0.0,0.11409298500338458,0.13434534028095302,,,,
339,0.001,adam,340,18.04275369644165,0.020315035682687447,0.0,0.1125310197941269,0.13284605547681436,0.024984713041498817,0.0,0.12036699643770471,0.14535170947920353
340,0.001,adam,341,18.0721173286438,0.02021536417398893,0.0,0.13261394295526366,0.15282930712925258,,,,
341,0.001,adam,342,18.082507610321045,0.020382803585122233,0.0,0.1238321905718672,0.14421499415698943,,,,
342,0.001,adam,343,18.09254765510559,0.020434559456214606,0.0,0.1216778921568483,0.1421124516130629,,,,
343,0.001,adam,344,18.104068756103516,0.020211553442736004,0.0,0.13309103197759192,0.15330258542032793,,,,
344,0.001,adam,345,18.11461591720581,0.020403898612922477,0.0,0.1139489076638814,0.13435280627680388,,,,
345,0.001,adam,346,18.142502307891846,0.02044619881452763,0.0,0.11635012702172824,0.13679632583625587,,,,
346,0.001,adam,347,18.16672444343567,0.02018955660048075,0.0,0.11276729388097692,0.13295685048145767,,,,
347,0.001,adam,348,18.189297199249268,0.020090263373506355,0.0,0.11333425594902946,0.13342451932253582,,,,
348,0.001,adam,349,18.200753450393677,0.020136848034199035,0.0,0.11578101029421109,0.13591785832841013,,,,
349,0.001,adam,350,18.209973096847534,0.020305467324732793,0.0,0.1121342993234166,0.1324397666481494,,,,
350,0.001,adam,351,18.223064422607422,0.02047488372489582,0.0,0.11585468146396707,0.13632956518886288,,,,
351,0.001,adam,352,18.233608961105347,0.02035016663121972,0.0,0.10419777056908744,0.12454793720030716,,,,
352,0.001,adam,353,18.244358777999878,0.020005861005490455,0.0,0.10862691177936139,0.12863277278485186,,,,
353,0.001,adam,354,18.254675149917603,0.01974650707414885,0.0,0.11031285089708143,0.13005935797123028,,,,
354,0.001,adam,355,18.271827936172485,0.01985786368449318,0.0,0.1108384390778531,0.13069630276234628,,,,
355,0.001,adam,356,18.282291173934937,0.02040504947841083,0.0,0.1142298098883832,0.13463485936679404,,,,
356,0.001,adam,357,18.2933189868927,0.020705008422023035,0.0,0.1175984409849006,0.13830344940692363,,,,
357,0.001,adam,358,18.30363655090332,0.02030239684602139,0.0,0.10593044380881045,0.12623284065483184,,,,
358,0.001,adam,359,18.316070079803467,0.01976904721478612,0.0,0.10523440285739186,0.12500345007217797,,,,
359,0.001,adam,360,18.33145499229431,0.01953378022536748,0.0,0.12171253738245844,0.1412463176078259,0.024532762016215598,0.0,0.11330135545031085,0.13783411746652646
360,0.001,adam,361,18.36541724205017,0.019784853384681656,0.0,0.10901055763932084,0.1287954110240025,,,,
361,0.001,adam,362,18.390439748764038,0.02022441961862866,0.0,0.1160660450552724,0.13629046467390107,,,,
362,0.001,adam,363,18.401911973953247,0.02043872273191429,0.0,0.11735488129044835,0.13779360402236265,,,,
363,0.001,adam,364,18.411771535873413,0.02014418729954887,0.0,0.11598663555564075,0.13613082285518963,,,,
364,0.001,adam,365,18.42150354385376,0.019733081142352595,0.0,0.11992145235602573,0.13965453349837834,,,,
365,0.001,adam,366,18.431350231170654,0.019646254046818207,0.0,0.12679489043773998,0.1464411444845582,,,,
366,0.001,adam,367,18.440431356430054,0.019849214279958293,0.0,0.10397887734037839,0.12382809162033669,,,,
367,0.001,adam,368,18.45000433921814,0.020071587316574012,0.0,0.10281792089029533,0.12288950820686934,,,,
368,0.001,adam,369,18.461182832717896,0.020148211475678274,0.0,0.12436178539590585,0.1445099968715841,,,,
369,0.001,adam,370,18.470638036727905,0.01987451012597998,0.0,0.10271461016042369,0.12258912028640367,,,,
370,0.001,adam,371,18.485676050186157,0.019513348702489695,0.0,0.12976080346857896,0.14927415217106865,,,,
371,0.001,adam,372,18.494929790496826,0.01963035845541221,0.0,0.11863753203730668,0.13826789049271887,,,,
372,0.001,adam,373,18.505998134613037,0.02010740029995367,0.0,0.1097287892944819,0.12983618959443557,,,,
373,0.001,adam,374,18.514878034591675,0.02024163334113666,0.0,0.13061874701191017,0.15086038035304683,,,,
374,0.001,adam,375,18.526560068130493,0.020135649604450773,0.0,0.11656432787255482,0.13669997747700557,,,,
375,0.001,adam,376,18.549591302871704,0.019841761249197305,0.0,0.11440487802705337,0.1342466392762507,,,,
376,0.001,adam,377,18.55919313430786,0.019434385066144068,0.0,0.11505935769770019,0.13449374276384427,,,,
377,0.001,adam,378,18.577917337417603,0.019482318647789314,0.0,0.11848361768471487,0.13796593633250417,,,,
378,0.001,adam,379,18.58782935142517,0.01995450754988599,0.0,0.10475940313889805,0.12471391068878404,,,,
379,0.001,adam,380,18.59864068031311,0.02027878597947887,0.0,0.1065249612333159,0.12680374721279478,0.02505967252797934,0.0,0.10836435020506728,0.13342402273304663
380,0.001,adam,381,18.630861282348633,0.020148403002662726,0.0,0.10696285577027687,0.1271112587729396,,,,
381,0.001,adam,382,18.648233890533447,0.019756629835353957,0.0,0.11511353508508712,0.13487016492044107,,,,
382,0.001,adam,383,18.66524338722229,0.019501089485417657,0.0,0.1368335214355359,0.15633461092095355,,,,
383,0.001,adam,384,18.676016569137573,0.019680459223731586,0.0,0.11220483855030305,0.13188529777403463,,,,
384,0.001,adam,385,18.69090700149536,0.020040503751457713,0.0,0.1310384541481232,0.15107895789958092,,,,
385,0.001,adam,386,18.701279878616333,0.02020810519031478,0.0,0.11065725174419905,0.13086535693451382,,,,
386,0.001,adam,387,18.711848258972168,0.019842407996004962,0.0,0.10543869091426554,0.1252810989102705,,,,
387,0.001,adam,388,18.727272033691406,0.01951111971920784,0.0,0.11137567386260763,0.13088679358181549,,,,
388,0.001,adam,389,18.73807954788208,0.019527090916439553,0.0,0.1127963202304374,0.13232341114687696,,,,
389,0.001,adam,390,18.747872591018677,0.019579993773238505,0.0,0.11225462269739202,0.13183461647063052,,,,
390,0.001,adam,391,18.75928544998169,0.01959689027001938,0.0,0.111739322387122,0.13133621265714138,,,,
391,0.001,adam,392,18.78244709968567,0.019655008778887137,0.0,0.0995931615010847,0.11924817027997184,,,,
392,0.001,adam,393,18.794781923294067,0.01959169288103534,0.0,0.1367109639448786,0.15630265682591396,,,,
393,0.001,adam,394,18.803783893585205,0.019499046847943548,0.0,0.10105751911966199,0.12055656596760553,,,,
394,0.001,adam,395,18.819734811782837,0.01954806460147744,0.0,0.10307348804633695,0.1226215526478144,,,,
395,0.001,adam,396,18.83214783668518,0.019681792537534937,0.0,0.11228667838510538,0.1319684709226403,,,,
396,0.001,adam,397,18.843787670135498,0.01972856894978912,0.0,0.11615419321584053,0.13588276216562964,,,,
397,0.001,adam,398,18.859199285507202,0.019592224601916328,0.0,0.105817098330737,0.12540932293265333,,,,
398,0.001,adam,399,18.87806749343872,0.019409301148029242,0.0,0.10552373644335504,0.12493303759138429,,,,
399,0.001,adam,400,18.90537166595459,0.019508215785320616,0.0,0.10644050508085892,0.12594872086617953,0.02449089789242803,0.0,0.1049217262204958,0.1294126241129238
400,0.001,adam,401,18.926042318344116,0.019571844237504972,0.0,0.11607760865512178,0.13564945289262675,,,,
401,0.001,adam,402,18.936306476593018,0.0195302895632543,0.0,0.10537340587256053,0.12490369543581482,,,,
402,0.001,adam,403,18.95081877708435,0.019574113494996204,0.0,0.11008607104649523,0.12966018454149145,,,,
403,0.001,adam,404,18.969998598098755,0.019581917108736066,0.0,0.11025223519118521,0.1298341522999213,,,,
404,0.001,adam,405,18.99084186553955,0.019438748202319802,0.0,0.11942524591513222,0.138863994117452,,,,
405,0.001,adam,406,19.00212073326111,0.019490068646905733,0.0,0.09840898060553274,0.11789904925243848,,,,
406,0.001,adam,407,19.013720273971558,0.019409869215915976,0.0,0.10386386894679825,0.12327373816271422,,,,
407,0.001,adam,408,19.02324342727661,0.019312076877662072,0.0,0.26137030511506976,0.2806823819927318,,,,
408,0.001,adam,409,19.032951593399048,0.019307238893365487,0.0,0.10637830968948596,0.12568554858285144,,,,
409,0.001,adam,410,19.044942140579224,0.019617664010276946,0.0,0.10531527525886461,0.12493293926914156,,,,
410,0.001,adam,411,19.05496311187744,0.019737012352563633,0.0,0.10954364497423756,0.1292806573268012,,,,
411,0.001,adam,412,19.06842350959778,0.01956827943681102,0.0,0.09710247969174098,0.11667075912855199,,,,
412,0.001,adam,413,19.08763885498047,0.019284159706417253,0.0,0.110763995516196,0.13004815522261326,,,,
413,0.001,adam,414,19.106822967529297,0.019091917727295866,0.0,0.1031553429514375,0.12224726067873336,,,,
414,0.001,adam,415,19.127748727798462,0.01922646837092931,0.0,0.10280814379279772,0.12203461216372703,,,,
415,0.001,adam,416,19.13752555847168,0.019407282951038364,0.0,0.0986570685946064,0.11806435154564476,,,,
416,0.001,adam,417,19.147367238998413,0.01952601382689006,0.0,0.10427165568987436,0.12379766951676442,,,,
417,0.001,adam,418,19.156263828277588,0.019289562621244913,0.0,0.10111642172496309,0.120405984346208,,,,
418,0.001,adam,419,19.168076515197754,0.018931328483953968,0.0,0.1052324579126426,0.12416378639659657,,,,
419,0.001,adam,420,19.18101716041565,0.019155945467865837,0.0,0.1227739587674173,0.14192990423528312,0.024114540647956845,0.0,0.10452543608250336,0.1286399767304602
420,0.001,adam,421,19.208864450454712,0.01917292727900572,0.0,0.09721947731414984,0.11639240459315556,,,,
421,0.001,adam,422,19.21929621696472,0.019232494636882414,0.0,0.10404531512319663,0.12327780976007904,,,,
422,0.001,adam,423,19.229546308517456,0.019280149353719744,0.0,0.09878595478182366,0.1180661041355434,,,,
423,0.001,adam,424,19.239378690719604,0.019035792153662492,0.0,0.09926261417710398,0.11829840633076648,,,,
424,0.001,adam,425,19.249112129211426,0.018742661462870024,0.0,0.10569427425633257,0.1244369357192026,,,,
425,0.001,adam,426,19.2689528465271,0.01901182414678393,0.0,0.09631044856388862,0.11532227271067255,,,,
426,0.001,adam,427,19.29010319709778,0.0191678695134906,0.0,0.0982591803392618,0.1174270498527524,,,,
427,0.001,adam,428,19.30820608139038,0.01896419301464227,0.0,0.11171877348401413,0.1306829664986564,,,,
428,0.001,adam,429,19.321308851242065,0.018923152656222825,0.0,0.10313797987671044,0.12206113253293327,,,,
429,0.001,adam,430,19.34592890739441,0.018940663255480338,0.0,0.09737640181126975,0.11631706506675009,,,,
430,0.001,adam,431,19.35609769821167,0.018823366249966743,0.0,0.0969775572231244,0.11580092347309115,,,,
431,0.001,adam,432,19.372586250305176,0.01885299747109505,0.0,0.09662647614078036,0.11547947361187541,,,,
432,0.001,adam,433,19.38157296180725,0.01900926181157772,0.0,0.1071386354137936,0.12614789722537134,,,,
433,0.001,adam,434,19.394115686416626,0.01900166575340343,0.0,0.1010741359866298,0.12007580174003324,,,,
434,0.001,adam,435,19.408105611801147,0.018957704099707113,0.0,0.1042983545901448,0.12325605868985191,,,,
435,0.001,adam,436,19.4184787273407,0.019081611212907686,0.0,0.09804934700822958,0.11713095822113727,,,,
436,0.001,adam,437,19.429678440093994,0.019045306517598524,0.0,0.10226515113738002,0.12131045765497855,,,,
437,0.001,adam,438,19.443052291870117,0.018999958564592617,0.0,0.10342653815948584,0.12242649672407846,,,,
438,0.001,adam,439,19.452116012573242,0.01888943316071357,0.0,0.09999295974994984,0.11888239291066341,,,,
439,0.001,adam,440,19.461411237716675,0.018774161666094764,0.0,0.09451481621882855,0.11328897788492331,0.02390451886136581,0.0,0.09992696995730813,0.12383148881867394
440,0.001,adam,441,19.48972201347351,0.01879065435230349,0.0,0.09445294561481621,0.11324359996711969,,,,
441,0.001,adam,442,19.508227348327637,0.0188377456042699,0.0,0.1147283862165422,0.13356613182081212,,,,
442,0.001,adam,443,19.52829670906067,0.019027257377467334,0.0,0.10265375759739429,0.12168101497486161,,,,
443,0.001,adam,444,19.537837266921997,0.019100509742254128,0.0,0.10112747790554208,0.12022798764779621,,,,
444,0.001,adam,445,19.552316427230835,0.018750583036785003,0.0,0.10133625114873808,0.12008683418552309,,,,
445,0.001,adam,446,19.562012434005737,0.018493755464309432,0.0,0.1036182482586951,0.12211200372300454,,,,
446,0.001,adam,447,19.57207202911377,0.018795627886543584,0.0,0.10487445953823507,0.12367008742477865,,,,
447,0.001,adam,448,19.581006050109863,0.01897384769394908,0.0,0.10281912959013265,0.12179297728408173,,,,
448,0.001,adam,449,19.597915410995483,0.019052812941919642,0.0,0.11055110371238361,0.12960391665430326,,,,
449,0.001,adam,450,19.60746693611145,0.019034926449365153,0.0,0.10777893330119573,0.1268138597505609,,,,
450,0.001,adam,451,19.616949796676636,0.01859714920435996,0.0,0.09409969133357568,0.11269684053793563,,,,
451,0.001,adam,452,19.633617639541626,0.01856150101705986,0.0,0.09947804924139705,0.11803955025845692,,,,
452,0.001,adam,453,19.656160593032837,0.019030188108088694,0.0,0.1184857312708744,0.1375159193789631,,,,
453,0.001,adam,454,19.670488834381104,0.018530976876144762,0.0,0.12750918754644766,0.14604016442259243,,,,
454,0.001,adam,455,19.68300199508667,0.018645614184698175,0.0,0.10175885354646144,0.12040446773115962,,,,
455,0.001,adam,456,19.70307946205139,0.018974625333785054,0.0,0.13333539392895002,0.15231001926273507,,,,
456,0.001,adam,457,19.727842330932617,0.018666413530543713,0.0,0.12131039172554889,0.1399768052560926,,,,
457,0.001,adam,458,19.748061895370483,0.01875085003541592,0.0,0.10217716576883991,0.12092801580425583,,,,
458,0.001,adam,459,19.757524251937866,0.018769922044772413,0.0,0.1251091502742929,0.1438790723190653,,,,
459,0.001,adam,460,19.76915431022644,0.01820190771259213,0.0,0.11401124305494345,0.1322131507675356,0.023714003076184036,0.0,0.11129206531118316,0.1350060683873672
460,0.001,adam,461,19.788764476776123,0.01838620610238603,0.0,0.12141392252285114,0.13980012862523716,,,,
461,0.001,adam,462,19.798238515853882,0.019224148166018074,0.0,0.13169649160519667,0.15092063977121475,,,,
462,0.001,adam,463,19.807653427124023,0.018817181153030105,0.0,0.1035654316688468,0.1223826128218769,,,,
463,0.001,adam,464,19.8213312625885,0.01838582884231541,0.0,0.12621307925986763,0.14459890810218304,,,,
464,0.001,adam,465,19.833126068115234,0.018435823060476864,0.0,0.282518483521744,0.3009543065822209,,,,
465,0.001,adam,466,19.844071865081787,0.018347791231222533,0.0,0.10964386879743623,0.12799166002865878,,,,
466,0.001,adam,467,19.860265016555786,0.01843051461529346,0.0,0.12064790089309445,0.1390784155083879,,,,
467,0.001,adam,468,19.87108039855957,0.01879366556926731,0.0,0.09492811848282513,0.11372178405209245,,,,
468,0.001,adam,469,19.8859281539917,0.018852427264726416,0.0,0.11433079755050994,0.13318322481523637,,,,
469,0.001,adam,470,19.9217426776886,0.018334461695145805,0.0,0.09720657774597123,0.11554103944111704,,,,
470,0.001,adam,471,19.933938026428223,0.018173067094457773,0.0,0.11180356081239742,0.12997662790685519,,,,
471,0.001,adam,472,19.94352626800537,0.018524333396133488,0.0,0.10119884204617406,0.11972317544230755,,,,
472,0.001,adam,473,19.956950664520264,0.018673264736494197,0.0,0.11104913947513499,0.1297224042116292,,,,
473,0.001,adam,474,19.977250576019287,0.01843513974872628,0.0,0.10858770536875764,0.1270228451174839,,,,
474,0.001,adam,475,19.994245290756226,0.018447764458361802,0.0,0.0958734189342334,0.1143211833925952,,,,
475,0.001,adam,476,20.010168075561523,0.01834948902032719,0.0,0.1030539270976484,0.1214034161179756,,,,
476,0.001,adam,477,20.020803689956665,0.01804426516671148,0.0,0.10049782738272665,0.11854209254943814,,,,
477,0.001,adam,478,20.036670207977295,0.01815569382914763,0.0,0.10249509159136341,0.12065078542051104,,,,
478,0.001,adam,479,20.05470299720764,0.018509725204559756,0.0,0.09345645758802237,0.11196618279258214,,,,
479,0.001,adam,480,20.065542459487915,0.018465876364341084,0.0,0.09389947131707105,0.11236534768141213,0.023746160901548814,0.0,0.10589818128259762,0.12964434218414644
480,0.001,adam,481,20.086727380752563,0.018282669587875024,0.0,0.10608573793802156,0.12436840752589659,,,,
481,0.001,adam,482,20.111140966415405,0.018320093655708688,0.0,0.10587849938999416,0.12419859304570285,,,,
482,0.001,adam,483,20.133628368377686,0.018330911640815697,0.0,0.10790293076083399,0.1262338424016497,,,,
483,0.001,adam,484,20.15012526512146,0.01800224793789011,0.0,0.1028865356387968,0.1208887835766869,,,,
484,0.001,adam,485,20.160656213760376,0.018143381713156655,0.0,0.10175921750523413,0.11990259921839079,,,,
485,0.001,adam,486,20.17036461830139,0.018457256035525296,0.0,0.10730063621202005,0.12575789224754536,,,,
486,0.001,adam,487,20.180256605148315,0.018503951671802552,0.0,0.10011846162967734,0.11862241330147989,,,,
487,0.001,adam,488,20.193610429763794,0.018367615442488685,0.0,0.10723596532244675,0.12560358076493544,,,,
488,0.001,adam,489,20.20630717277527,0.018321266684407603,0.0,0.0895672374909931,0.1078885041754007,,,,
489,0.001,adam,490,20.2238187789917,0.018188005641501408,0.0,0.10116903810725822,0.11935704374875963,,,,
490,0.001,adam,491,20.237135887145996,0.017986174379868467,0.0,0.10792035797141848,0.12590653235128696,,,,
491,0.001,adam,492,20.246222496032715,0.018029794671545103,0.0,0.10356800368811117,0.12159779835965627,,,,
492,0.001,adam,493,20.2566077709198,0.018430652568072445,0.0,0.09579176958845695,0.11422242215652939,,,,
493,0.001,adam,494,20.267577171325684,0.01866744483841743,0.0,0.11193340145592201,0.13060084629433943,,,,
494,0.001,adam,495,20.28616237640381,0.018394530623051367,0.0,0.10191042705902242,0.12030495768207379,,,,
495,0.001,adam,496,20.295919179916382,0.018038888951248454,0.0,0.10046478155932004,0.1185036705105685,,,,
496,0.001,adam,497,20.305208206176758,0.018086766945470414,0.0,0.08829310991806408,0.10637987686353449,,,,
497,0.001,adam,498,20.32588243484497,0.018224991865986594,0.0,0.09870391645022367,0.11692890831621026,,,,
498,0.001,adam,499,20.356860160827637,0.018202511329504952,0.0,0.08867532278637676,0.10687783411588171,,,,
499,0.001,adam,500,20.367706060409546,0.01819751137355881,0.0,0.0942585389400721,0.11245605031363091,0.023535730192867872,0.0,0.09542536464226875,0.11896109483513662
500,0.001,adam,501,20.389936923980713,0.018229185672724166,0.0,0.0984350875365588,0.11666427320928296,,,,
501,0.001,adam,502,20.40221405029297,0.018037312983335115,0.0,0.09273455096921691,0.11077186395255204,,,,
502,0.001,adam,503,20.421554565429688,0.017931591269300728,0.0,0.09211399889920438,0.11004559016850511,,,,
503,0.001,adam,504,20.434473276138306,0.018043185675393578,0.0,0.09342928155307988,0.11147246722847345,,,,
504,0.001,adam,505,20.445066213607788,0.018210520576823465,0.0,0.10166205721742445,0.11987257779424793,,,,
505,0.001,adam,506,20.46069359779358,0.018196137457817223,0.0,0.09651608175264426,0.11471221921046149,,,,
506,0.001,adam,507,20.47306203842163,0.01816871631727727,0.0,0.08731764763411305,0.10548636395139033,,,,
507,0.001,adam,508,20.483375072479248,0.018019092991071885,0.0,0.09838046506999883,0.11639955806107072,,,,
508,0.001,adam,509,20.493576526641846,0.01790616194001552,0.0,0.09347599131610088,0.11138215325611639,,,,
509,0.001,adam,510,20.50429391860962,0.017963747007343926,0.0,0.09070874813386175,0.10867249514120567,,,,
510,0.001,adam,511,20.517856121063232,0.0180094793476774,0.0,0.09536748866194053,0.11337696800961793,,,,
511,0.001,adam,512,20.52833318710327,0.018075811623679314,0.0,0.0961000403455601,0.11417585196923942,,,,
512,0.001,adam,513,20.5371835231781,0.01814699270503884,0.0,0.0956284401683422,0.11377543287338104,,,,
513,0.001,adam,514,20.546047925949097,0.018161117402019093,0.0,0.09557804354882528,0.11373916095084437,,,,
514,0.001,adam,515,20.558309078216553,0.017870906334296093,0.0,0.08745038932107158,0.10532129565536767,,,,
515,0.001,adam,516,20.577908754348755,0.017655334405804926,0.0,0.08808671762554338,0.1057420520313483,,,,
516,0.001,adam,517,20.58840012550354,0.017644187289770196,0.0,0.08915954508545995,0.10680373237523015,,,,
517,0.001,adam,518,20.59734606742859,0.017833131575302225,0.0,0.09508318282071734,0.11291631439601957,,,,
518,0.001,adam,519,20.608832836151123,0.018000502390252363,0.0,0.0913204811805233,0.10932098357077566,,,,
519,0.001,adam,520,20.617977619171143,0.01813440108318724,0.0,0.08907723917339568,0.10721164025658292,0.02315762897312456,0.0,0.09202584441473786,0.11518347338786242
520,0.001,adam,521,20.638806581497192,0.017945534775780713,0.0,0.09305097473116408,0.1109965095069448,,,,
521,0.001,adam,522,20.649885177612305,0.017646981011762996,0.0,0.09414226697435873,0.11178924798612173,,,,
522,0.001,adam,523,20.66015315055847,0.017656438845506755,0.0,0.09025533144656946,0.10791177029207621,,,,
523,0.001,adam,524,20.671253204345703,0.017887437292288744,0.0,0.09618328477986725,0.11407072207215599,,,,
524,0.001,adam,525,20.683011770248413,0.017995613499439168,0.0,0.09419108799857712,0.11218670149801628,,,,
525,0.001,adam,526,20.69474720954895,0.017842171504558843,0.0,0.09504041777096688,0.11288258927552572,,,,
526,0.001,adam,527,20.70492458343506,0.017660288659167564,0.0,0.09428820876875188,0.11194849742791944,,,,
527,0.001,adam,528,20.716390371322632,0.017662718223773993,0.0,0.09622245280702194,0.11388517103079593,,,,
528,0.001,adam,529,20.73564124107361,0.017542766398848195,0.0,0.10240242497591705,0.11994519137476524,,,,
529,0.001,adam,530,20.751169443130493,0.017735591930420347,0.0,0.08901687470303635,0.1067524666334567,,,,
530,0.001,adam,531,20.760518789291382,0.017933323493415927,0.0,0.10834486769194811,0.12627819118536404,,,,
531,0.001,adam,532,20.772761344909668,0.0176434246535631,0.0,0.10917202573890213,0.12681545039246522,,,,
532,0.001,adam,533,20.783496379852295,0.017691247941803243,0.0,0.09676724531840993,0.11445849326021316,,,,
533,0.001,adam,534,20.794607162475586,0.0178736707388721,0.0,0.09986857665254492,0.11774224739141702,,,,
534,0.001,adam,535,20.80410861968994,0.017581885116377045,0.0,0.09699453285509103,0.11457641797146809,,,,
535,0.001,adam,536,20.818415641784668,0.017498534991275065,0.0,0.09836112425917656,0.11585965925045164,,,,
536,0.001,adam,537,20.829384088516235,0.017614355200565573,0.0,0.09558628361460794,0.11320063881517352,,,,
537,0.001,adam,538,20.838311195373535,0.01786917201368209,0.0,0.09947538714496588,0.11734455915864797,,,,
538,0.001,adam,539,20.849798679351807,0.01775604352622638,0.0,0.09667442378223806,0.11443046730846444,,,,
539,0.001,adam,540,20.867335319519043,0.017588112888222252,0.0,0.10245916291496382,0.12004727580318607,0.023032354242885928,0.0,0.09377896033599549,0.11681131457888141
540,0.001,adam,541,20.887106895446777,0.01765398491442713,0.0,0.08779376372115541,0.10544774863558254,,,,
541,0.001,adam,542,20.904672861099243,0.017555070652847334,0.0,0.08511342204287996,0.1026684926957273,,,,
542,0.001,adam,543,20.926313877105713,0.01740090544171721,0.0,0.11508450960762899,0.1324854150493462,,,,
543,0.001,adam,544,20.941365242004395,0.017722307519460075,0.0,0.09475878324040714,0.11248109075986722,,,,
544,0.001,adam,545,20.95215940475464,0.017867915733300592,0.0,0.10875098087187103,0.12661889660517162,,,,
545,0.001,adam,546,20.961256742477417,0.017625985547661514,0.0,0.10660394560885098,0.12422993115651249,,,,
546,0.001,adam,547,20.972012758255005,0.0173050463270102,0.0,0.10263811448550846,0.11994316081251866,,,,
547,0.001,adam,548,20.986574411392212,0.01731954623244742,0.0,0.08613214880631465,0.10345169503876206,,,,
548,0.001,adam,549,20.99597477912903,0.01737591855886231,0.0,0.09239891368660172,0.10977483224546403,,,,
549,0.001,adam,550,21.014727115631104,0.01766189114669449,0.0,0.09849109898615324,0.11615299013284773,,,,
550,0.001,adam,551,21.02626895904541,0.017743178734592774,0.0,0.09838178809790625,0.11612496683249902,,,,
551,0.001,adam,552,21.037105083465576,0.017622104771508888,0.0,0.08475359856355978,0.10237570333506867,,,,
552,0.001,adam,553,21.04713487625122,0.017401975329298512,0.0,0.08416729299893982,0.10156926832823834,,,,
553,0.001,adam,554,21.056884050369263,0.017472787251300973,0.0,0.0981034169604876,0.11557620421178857,,,,
554,0.001,adam,555,21.080934286117554,0.017600258729834343,0.0,0.10253999557499152,0.12014025430482586,,,,
555,0.001,adam,556,21.099125146865845,0.017521057513408357,0.0,0.09407170419040053,0.11159276170380888,,,,
556,0.001,adam,557,21.123036861419678,0.01744648234203199,0.0,0.07870266985473595,0.09614915219676794,,,,
557,0.001,adam,558,21.13379168510437,0.01740525498371547,0.0,0.09393560352205983,0.1113408585057753,,,,
558,0.001,adam,559,21.148789167404175,0.017309583357158837,0.0,0.08923292219132355,0.10654250554848238,,,,
559,0.001,adam,560,21.158064126968384,0.01737591443104173,0.0,0.09273474095646908,0.1101106553875108,0.02296455251841559,0.0,0.09182737734235245,0.11479192986076804
560,0.001,adam,561,21.17986488342285,0.017543060927991835,0.0,0.09210977983015588,0.10965284075814771,,,,
561,0.001,adam,562,21.18943428993225,0.017420916857095705,0.0,0.08994306047410375,0.10736397733119946,,,,
562,0.001,adam,563,21.200660228729248,0.017202032656294313,0.0,0.09511647495177752,0.11231850760807184,,,,
563,0.001,adam,564,21.215068578720093,0.017265348025333267,0.0,0.08507503786150698,0.10234038588684025,,,,
564,0.001,adam,565,21.226869106292725,0.017492757283712856,0.0,0.10245331730335705,0.1199460745870699,,,,
565,0.001,adam,566,21.238586902618408,0.017327902844656386,0.0,0.09257371664545941,0.10990161949011579,,,,
566,0.001,adam,567,21.25408625602722,0.017184500650299927,0.0,0.09737809732738383,0.11456259797768376,,,,
567,0.001,adam,568,21.26326298713684,0.017275955374527564,0.0,0.08861468050864132,0.10589063588316888,,,,
568,0.001,adam,569,21.278435468673706,0.017243487176034588,0.0,0.0942346323022216,0.11147811947825619,,,,
569,0.001,adam,570,21.287659406661987,0.016993011761541596,0.0,0.10186953331855522,0.11886254508009682,,,,
570,0.001,adam,571,21.297024250030518,0.017133208757234817,0.0,0.0886201447835394,0.10575335354077421,,,,
571,0.001,adam,572,21.306864738464355,0.01740545678786001,0.0,0.10218739718379903,0.11959285397165904,,,,
572,0.001,adam,573,21.325961112976074,0.017085309811094847,0.0,0.09124005415648022,0.10832536396757507,,,,
573,0.001,adam,574,21.336339473724365,0.016943442897979104,0.0,0.10099470989525308,0.11793815279323219,,,,
574,0.001,adam,575,21.346907138824463,0.017319365228397603,0.0,0.09105280631825421,0.10837217154665182,,,,
575,0.001,adam,576,21.363080501556396,0.017351018723429198,0.0,0.08902414981996894,0.10637516854339814,,,,
576,0.001,adam,577,21.375113487243652,0.01726371871511823,0.0,0.08947177364239124,0.10673549235750947,,,,
577,0.001,adam,578,21.386992931365967,0.017159803900569842,0.0,0.09424904195230256,0.1114088458528724,,,,
578,0.001,adam,579,21.40618133544922,0.017202284660689536,0.0,0.11089657532701744,0.12809885998770698,,,,
579,0.001,adam,580,21.421353578567505,0.016990961905165216,0.0,0.09179081022760228,0.1087817721327675,0.02256022829939332,0.0,0.09261900841852903,0.11517923671792235
580,0.001,adam,581,21.453418493270874,0.016972789044712045,0.0,0.08585368147424015,0.10282647051895219,,,,
581,0.001,adam,582,21.483898878097534,0.017112058249328307,0.0,0.09276382930042637,0.10987588754975468,,,,
582,0.001,adam,583,21.49656081199646,0.017137145281354658,0.0,0.09000749417186187,0.10714463945321652,,,,
583,0.001,adam,584,21.509254455566406,0.01710940804938322,0.0,0.0859052709198594,0.10301467896924263,,,,
584,0.001,adam,585,21.523907899856567,0.01711961120533853,0.0,0.09155661434589042,0.10867622555122895,,,,
585,0.001,adam,586,21.533973455429077,0.017120042908132925,0.0,0.08808951013937547,0.1052095530475084,,,,
586,0.001,adam,587,21.550103425979614,0.01688353454799009,0.0,0.09014337834063166,0.10702691288862175,,,,
587,0.001,adam,588,21.55971050262451,0.01676514302870477,0.0,0.08272598253592155,0.09949112556462632,,,,
588,0.001,adam,589,21.56954550743103,0.016858514324881894,0.0,0.09193383092682142,0.10879234525170331,,,,
589,0.001,adam,590,21.584025382995605,0.017063495286020854,0.0,0.08438868758275528,0.10145218286877614,,,,
590,0.001,adam,591,21.593464374542236,0.01699908530167437,0.0,0.08926552997860268,0.10626461528027706,,,,
591,0.001,adam,592,21.605952739715576,0.01695902029195281,0.0,0.08397272371776003,0.10093174400971285,,,,
592,0.001,adam,593,21.61645817756653,0.016918924655979623,0.0,0.08815743136736601,0.10507635602334563,,,,
593,0.001,adam,594,21.631324529647827,0.016788569981878953,0.0,0.08488118950049975,0.1016697594823787,,,,
594,0.001,adam,595,21.64617109298706,0.016763307138537534,0.0,0.08636686865355699,0.10313017579209452,,,,
595,0.001,adam,596,21.655816078186035,0.016846433011452555,0.0,0.08248021166387978,0.09932664467533234,,,,
596,0.001,adam,597,21.666653633117676,0.016923356000008275,0.0,0.08208678050839774,0.09901013650840601,,,,
597,0.001,adam,598,21.677648305892944,0.01679226182695301,0.0,0.09330805656179779,0.1101003183887508,,,,
598,0.001,adam,599,21.6926167011261,0.016842933016690778,0.0,0.08465906265863785,0.10150199567532862,,,,
599,0.001,adam,600,21.708357095718384,0.01699407455394888,0.0,0.09823518157270812,0.115229256126657,0.022449967010286124,0.0,0.08498372834023366,0.10743369535051978
600,0.001,adam,601,21.734813690185547,0.016996447963645443,0.0,0.0844307998717229,0.10142724783536834,,,,
601,0.001,adam,602,21.745222091674805,0.016802969991487008,0.0,0.08326535934114387,0.10006832933263088,,,,
602,0.001,adam,603,21.7556574344635,0.0167799379184766,0.0,0.08071731432860678,0.09749725224708337,,,,
603,0.001,adam,604,21.767225980758667,0.016848303443612888,0.0,0.0952807826324562,0.1121290860760691,,,,
604,0.001,adam,605,21.777175903320312,0.016807707229330667,0.0,0.08722374029966729,0.10403144752899796,,,,
605,0.001,adam,606,21.79634165763855,0.01684932288353906,0.0,0.08492160593032401,0.10177092881386307,,,,
606,0.001,adam,607,21.80607557296753,0.016977334984790985,0.0,0.07997248614394607,0.09694982112873705,,,,
607,0.001,adam,608,21.818338871002197,0.016801686008400433,0.0,0.08551425747857429,0.10231594348697472,,,,
608,0.001,adam,609,21.831212997436523,0.016735423574867136,0.0,0.08834705511826438,0.10508247869313152,,,,
609,0.001,adam,610,21.842024326324463,0.01692060360875488,0.0,0.0858083817498505,0.10272898535860539,,,,
610,0.001,adam,611,21.85276985168457,0.01680009286301911,0.0,0.09017693520184392,0.10697702806486303,,,,
611,0.001,adam,612,21.873663902282715,0.0166673689921491,0.0,0.09845240248198246,0.11511977147413156,,,,
612,0.001,adam,613,21.88459849357605,0.01681524246856965,0.0,0.09151142600270704,0.10832666847127669,,,,
613,0.001,adam,614,21.896337509155273,0.016708241645691183,0.0,0.08652559480846582,0.103233836454157,,,,
614,0.001,adam,615,21.90892791748047,0.016575830652257366,0.0,0.08929333531697944,0.10586916596923682,,,,
615,0.001,adam,616,21.918840646743774,0.016744380444494177,0.0,0.0823883045352318,0.09913268497972598,,,,
616,0.001,adam,617,21.948277711868286,0.01674889720821675,0.0,0.08518211316973309,0.10193101037794984,,,,
617,0.001,adam,618,21.960345029830933,0.016581883687290508,0.0,0.08891167736738345,0.10549356105467396,,,,
618,0.001,adam,619,21.986695051193237,0.016544224331837533,0.0,0.08293605895461309,0.09948028328645062,,,,
619,0.001,adam,620,21.997146129608154,0.016610881775564017,0.0,0.08066123806405964,0.09727211983962367,0.021999698200890008,0.0,0.08467120948041408,0.10667090768130409
620,0.001,adam,621,22.022632598876953,0.016399250084079768,0.0,0.09801588396802188,0.11441513405210166,,,,
621,0.001,adam,622,22.038117170333862,0.016554065287906698,0.0,0.08446744145390148,0.10102150674180818,,,,
622,0.001,adam,623,22.05800747871399,0.016748382710747464,0.0,0.08288943208981661,0.09963781480056408,,,,
623,0.001,adam,624,22.071508169174194,0.0165916649374724,0.0,0.08021899354921899,0.09681065848669139,,,,
624,0.001,adam,625,22.082032918930054,0.01649518596906002,0.0,0.08318455568380663,0.09967974165286665,,,,
625,0.001,adam,626,22.09105920791626,0.01660548359289051,0.0,0.08386221975980922,0.10046770335269972,,,,
626,0.001,adam,627,22.10306167602539,0.016589252641145875,0.0,0.07628887549496445,0.09287812813611032,,,,
627,0.001,adam,628,22.116703748703003,0.016536445942272465,0.0,0.10276624240043146,0.11930268834270392,,,,
628,0.001,adam,629,22.136191606521606,0.0165542883896558,0.0,0.08206254247626588,0.09861683086592168,,,,
629,0.001,adam,630,22.145769119262695,0.01651763399296591,0.0,0.08854470038313322,0.10506233437609913,,,,
630,0.001,adam,631,22.15862011909485,0.016525319473408424,0.0,0.08725820652168734,0.10378352599509576,,,,
631,0.001,adam,632,22.17043399810791,0.016548420145634717,0.0,0.08458551383897203,0.10113393398460675,,,,
632,0.001,adam,633,22.1800377368927,0.01650131426656101,0.0,0.07607180302162916,0.09257311728819018,,,,
633,0.001,adam,634,22.19053316116333,0.016427175667994127,0.0,0.08065237420611322,0.09707954987410736,,,,
634,0.001,adam,635,22.202919721603394,0.01643844393284627,0.0,0.07848421466090885,0.09492265859375512,,,,
635,0.001,adam,636,22.220991611480713,0.01645256869811722,0.0,0.08852110197527312,0.10497367067339033,,,,
636,0.001,adam,637,22.2314236164093,0.016624523668814548,0.0,0.09035777843421275,0.1069823021030273,,,,
637,0.001,adam,638,22.24105191230774,0.01651902013463755,0.0,0.08020000692564189,0.09671902706027943,,,,
638,0.001,adam,639,22.252283573150635,0.016320687707156736,0.0,0.08388291461466789,0.10020360232182463,,,,
639,0.001,adam,640,22.265307664871216,0.016212957435208515,0.0,0.08029273071345278,0.09650568814866128,0.021552187641536658,0.0,0.08236645888632295,0.1039186465278596
640,0.001,adam,641,22.297742128372192,0.01615890062999022,0.0,0.08309901117761978,0.09925791180761,,,,
641,0.001,adam,642,22.31145930290222,0.016208896004872485,0.0,0.08069617473087999,0.09690507073575247,,,,
642,0.001,adam,643,22.33095359802246,0.016369123182801662,0.0,0.0818038815312418,0.09817300471404346,,,,
643,0.001,adam,644,22.34300208091736,0.016346634684440312,0.0,0.0891184437659627,0.10546507845040301,,,,
644,0.001,adam,645,22.354998350143433,0.016219488750793636,0.0,0.0786184266949531,0.09483791544574674,,,,
645,0.001,adam,646,22.3655526638031,0.016264619051540814,0.0,0.08515936860713617,0.101423987658677,,,,
646,0.001,adam,647,22.37868905067444,0.016155175372562957,0.0,0.08606403559207643,0.10221921096463939,,,,
647,0.001,adam,648,22.38886308670044,0.016032722432421678,0.0,0.07693278259184735,0.09296550502426904,,,,
648,0.001,adam,649,22.400187730789185,0.016121016036810112,0.0,0.08581783780226238,0.10193885383907249,,,,
649,0.001,adam,650,22.410999059677124,0.016169982075092022,0.0,0.08947159352965,0.10564157560474202,,,,
650,0.001,adam,651,22.437204122543335,0.016092543742897057,0.0,0.07875839986034083,0.0948509436032379,,,,
651,0.001,adam,652,22.447011947631836,0.016015418985675843,0.0,0.081167424117588,0.09718284310326383,,,,
652,0.001,adam,653,22.46202778816223,0.016030399211253953,0.0,0.08279230839474874,0.0988227076060027,,,,
653,0.001,adam,654,22.47462487220764,0.016045014701309472,0.0,0.08517285287699972,0.1012178675783092,,,,
654,0.001,adam,655,22.487359046936035,0.01631563441462117,0.0,0.08536070550714485,0.10167633992176602,,,,
655,0.001,adam,656,22.498913049697876,0.016313078693003816,0.0,0.08417861824523067,0.10049169693823448,,,,
656,0.001,adam,657,22.509427547454834,0.01604766148262593,0.0,0.0787247045644184,0.09477236604704432,,,,
657,0.001,adam,658,22.528210878372192,0.01587645501545257,0.0,0.0878398123379236,0.10371626735337616,,,,
658,0.001,adam,659,22.548418521881104,0.016067666912279666,0.0,0.14965008544609854,0.1657177523583782,,,,
659,0.001,adam,660,22.55808115005493,0.016214009481017335,0.0,0.08187511904500915,0.09808912852602648,0.02182522079531451,0.0,0.08069096632198962,0.10251618711730413
660,0.001,adam,661,22.585415840148926,0.016219654724236136,0.0,0.07782570629220045,0.0940453610164366,,,,
661,0.001,adam,662,22.594945669174194,0.016050282026325257,0.0,0.08166023225145584,0.0977105142777811,,,,
662,0.001,adam,663,22.60900592803955,0.01570675799786682,0.0,0.0917591004946892,0.10746585849255602,,,,
663,0.001,adam,664,22.619457721710205,0.01591254441256045,0.0,0.07782173959142294,0.09373428400398338,,,,
664,0.001,adam,665,22.631892681121826,0.01619690412298186,0.0,0.09337328938859489,0.10957019351157675,,,,
665,0.001,adam,666,22.64353609085083,0.01592075506831676,0.0,0.08499363027216435,0.10091438534048111,,,,
666,0.001,adam,667,22.654823303222656,0.01582102669519051,0.0,0.0762949756987594,0.0921160023939499,,,,
667,0.001,adam,668,22.66682457923889,0.01578161540278147,0.0,0.08652242949065982,0.10230404489344129,,,,
668,0.001,adam,669,22.682597398757935,0.015842164265037127,0.0,0.09162726807120611,0.10746943233624323,,,,
669,0.001,adam,670,22.69193387031555,0.016106733122331414,0.0,0.08176003548620506,0.09786676860853646,,,,
670,0.001,adam,671,22.702047109603882,0.01609097982423819,0.0,0.08438343099977759,0.10047441082401579,,,,
671,0.001,adam,672,22.713435173034668,0.015787210240399526,0.0,0.07831231948041686,0.0940995297208164,,,,
672,0.001,adam,673,22.73020076751709,0.015760625135297267,0.0,0.08899377220686838,0.10475439734216566,,,,
673,0.001,adam,674,22.73963451385498,0.015840724169769956,0.0,0.08440024372135296,0.10024096789112291,,,,
674,0.001,adam,675,22.751255989074707,0.015893678101383493,0.0,0.08566440479947894,0.10155808290086243,,,,
675,0.001,adam,676,22.763580083847046,0.015924229306575093,0.0,0.08188414641070275,0.09780837571727785,,,,
676,0.001,adam,677,22.77682137489319,0.01567895729311647,0.0,0.07844569706653493,0.0941246543596514,,,,
677,0.001,adam,678,22.786216497421265,0.015440431280965878,0.0,0.07911631875446994,0.09455675003543582,,,,
678,0.001,adam,679,22.801666736602783,0.015604272628999428,0.0,0.0761158023597819,0.09172007498878132,,,,
679,0.001,adam,680,22.812970399856567,0.01586009219210102,0.0,0.07992298550589828,0.0957830776979993,0.021264300181028876,0.0,0.08820576968908295,0.10947006987011182
680,0.001,adam,681,22.833587169647217,0.01578430009844644,0.0,0.08833513550263451,0.10411943560108095,,,,
681,0.001,adam,682,22.844597816467285,0.015740019040771915,0.0,0.08419440556872723,0.09993442460949914,,,,
682,0.001,adam,683,22.863919019699097,0.015337604462775744,0.0,0.08509495028651726,0.100432554749293,,,,
683,0.001,adam,684,22.873843908309937,0.015449245252931235,0.0,0.08508627337512487,0.1005355186280561,,,,
684,0.001,adam,685,22.88409948348999,0.01603592775799129,0.0,0.0935670550860757,0.10960298284406698,,,,
685,0.001,adam,686,22.895288705825806,0.015857520079041502,0.0,0.08316038911074819,0.0990179091897897,,,,
686,0.001,adam,687,22.907958269119263,0.015582387075166477,0.0,0.07407306869123305,0.08965545576639952,,,,
687,0.001,adam,688,22.918594121932983,0.01537324927920619,0.0,0.08433438874662044,0.09970763802582663,,,,
688,0.001,adam,689,22.929632425308228,0.015303939199551891,0.0,0.07567798830881357,0.09098192750836546,,,,
689,0.001,adam,690,22.94087815284729,0.01558707849967952,0.0,0.07951545866136137,0.09510253716104089,,,,
690,0.001,adam,691,22.953139543533325,0.01587317232970867,0.0,0.09295376877790715,0.10882694110761582,,,,
691,0.001,adam,692,22.964073181152344,0.01550407036233745,0.0,0.0803340682208933,0.09583813858323074,,,,
692,0.001,adam,693,22.981724500656128,0.015345668840789707,0.0,0.08764509691053948,0.10299076575132919,,,,
693,0.001,adam,694,22.9922833442688,0.015356715033341246,0.0,0.08474298079722155,0.1000996958305628,,,,
694,0.001,adam,695,23.002716302871704,0.015427167813835048,0.0,0.0791469045356534,0.09457407234948845,,,,
695,0.001,adam,696,23.012822151184082,0.015520907355915969,0.0,0.08294707340498567,0.09846798076090163,,,,
696,0.001,adam,697,23.023121118545532,0.015446483008039517,0.0,0.09749306411144648,0.112939547119486,,,,
697,0.001,adam,698,23.034414291381836,0.015262653155230772,0.0,0.07023707580887022,0.08549972896410099,,,,
698,0.001,adam,699,23.045624256134033,0.01534911946152753,0.0,0.09018545576335585,0.10553457522488338,,,,
699,0.001,adam,700,23.06006097793579,0.015525331319618679,0.0,0.07279234877836391,0.08831768009798259,0.020948887005281,0.0,0.07614831727984465,0.09709720428512565
700,0.001,adam,701,23.085110902786255,0.015429753768708558,0.0,0.07144083440949021,0.08687058817819877,,,,
701,0.001,adam,702,23.10350275039673,0.015421323716330563,0.0,0.08040012842708646,0.09582145214341703,,,,
702,0.001,adam,703,23.113956928253174,0.015281460912260496,0.0,0.08345650825173845,0.09873796916399895,,,,
703,0.001,adam,704,23.12560248374939,0.015294947412446316,0.0,0.17517235987614374,0.19046730728859007,,,,
704,0.001,adam,705,23.136978149414062,0.015311390486165331,0.0,0.0846487352802412,0.09996012576640653,,,,
705,0.001,adam,706,23.147058725357056,0.015227631758637193,0.0,0.07614114956356188,0.09136878132219908,,,,
706,0.001,adam,707,23.158053636550903,0.015372504690484854,0.0,0.08577187801101722,0.10114438270150208,,,,
707,0.001,adam,708,23.16854166984558,0.015181146832350716,0.0,0.09029599707416555,0.10547714390651627,,,,
708,0.001,adam,709,23.180460929870605,0.01510440454338071,0.0,0.08526746685362778,0.10037187139700848,,,,
709,0.001,adam,710,23.193114042282104,0.015349598841219825,0.0,0.08789141115723301,0.10324100999845283,,,,
710,0.001,adam,711,23.203112363815308,0.015151531299083934,0.0,0.08915337352829786,0.10430490482738179,,,,
711,0.001,adam,712,23.213510036468506,0.015226694613067776,0.0,0.084446235684593,0.09967293029766078,,,,
712,0.001,adam,713,23.226876258850098,0.015138565186194743,0.0,0.08254500369199269,0.09768356887818744,,,,
713,0.001,adam,714,23.245282411575317,0.015081018327934362,0.0,0.08514887831200721,0.10022989663994157,,,,
714,0.001,adam,715,23.255642890930176,0.015375245274679077,0.0,0.07786207283756401,0.09323731811224309,,,,
715,0.001,adam,716,23.26613712310791,0.015378629827729707,0.0,0.07395421506730705,0.08933284489503676,,,,
716,0.001,adam,717,23.452571153640747,0.015153162288122643,0.0,0.07950119071367841,0.09465435300180106,,,,
717,0.001,adam,718,23.46397876739502,0.015204685370174071,0.0,0.07888763564884879,0.09409232101902286,,,,
718,0.001,adam,719,23.48126983642578,0.015060000741673605,0.0,0.08348234878482381,0.09854234952649742,,,,
719,0.001,adam,720,23.495088577270508,0.015305638339301033,0.0,0.07387435236501025,0.08917999070431128,0.021076977742900987,0.0,0.0756086686217949,0.09668564636469588
720,0.001,adam,721,23.514763832092285,0.015324116269704043,0.0,0.08266474849194116,0.0979888647616452,,,,
721,0.001,adam,722,23.52423334121704,0.015033544392708278,0.0,0.07812418527564595,0.09315772966835423,,,,
722,0.001,adam,723,23.533955097198486,0.01497787325227921,0.0,0.07356844277739695,0.08854631602967616,,,,
723,0.001,adam,724,23.542831659317017,0.015170005781100728,0.0,0.07375334246003204,0.08892334824113277,,,,
724,0.001,adam,725,23.558849573135376,0.015257397155799497,0.0,0.07533245852137946,0.09058985567717895,,,,
725,0.001,adam,726,23.571884870529175,0.015248905758886289,0.0,0.07526797904215107,0.09051688480103737,,,,
726,0.001,adam,727,23.58211398124695,0.015016697093389198,0.0,0.0700996203266458,0.08511631742003499,,,,
727,0.001,adam,728,23.59208655357361,0.014929683429700098,0.0,0.07654675337722378,0.09147643680692387,,,,
728,0.001,adam,729,23.6048846244812,0.015013192068888114,0.0,0.07233138429497768,0.08734457636386579,,,,
729,0.001,adam,730,23.61410403251648,0.01507431437830965,0.0,0.06979331507141497,0.08486762944972462,,,,
730,0.001,adam,731,23.62510895729065,0.015093349518806143,0.0,0.07256314704946458,0.08765649656827072,,,,
731,0.001,adam,732,23.635108947753906,0.014892097812885715,0.0,0.07391751635159366,0.08880961416447937,,,,
732,0.001,adam,733,23.646025896072388,0.014670858000352522,0.0,0.0731731407983032,0.08784399879865572,,,,
733,0.001,adam,734,23.65642476081848,0.014771671256250393,0.0,0.07036949154579097,0.08514116280204137,,,,
734,0.001,adam,735,23.667300701141357,0.015048768410929282,0.0,0.07010943395400993,0.0851582023649392,,,,
735,0.001,adam,736,23.676870822906494,0.015041534910326965,0.0,0.06903256123897009,0.08407409614929705,,,,
736,0.001,adam,737,23.68807816505432,0.014791184449864058,0.0,0.07390463844503976,0.08869582289490383,,,,
737,0.001,adam,738,23.6976318359375,0.014741343466285257,0.0,0.08048133894841077,0.09522268241469603,,,,
738,0.001,adam,739,23.708216428756714,0.014967931982522803,0.0,0.06862728631802276,0.08359521830054556,,,,
739,0.001,adam,740,23.71737003326416,0.015184139432899304,0.0,0.09478948440195192,0.10997362383485122,0.020554985082237395,0.0,0.07162789300240174,0.09218287808463914
740,0.001,adam,741,23.746093273162842,0.014915604649713508,0.0,0.0756777556430722,0.09059336029278571,,,,
741,0.001,adam,742,23.75632619857788,0.014774311415859288,0.0,0.07941964650084612,0.09419395791670541,,,,
742,0.001,adam,743,23.767581462860107,0.014881804908710624,0.0,0.08389738619054912,0.09877919109925974,,,,
743,0.001,adam,744,23.780566215515137,0.015069766103080789,0.0,0.07737859636424785,0.09244836246732864,,,,
744,0.001,adam,745,23.792277574539185,0.01514331524195056,0.0,0.07682955057536815,0.09197286581731871,,,,
745,0.001,adam,746,23.802175521850586,0.014666339314787856,0.0,0.06960997407276197,0.08427631338754982,,,,
746,0.001,adam,747,23.818100929260254,0.014447917752869514,0.0,0.08727520308256798,0.1017231208354375,,,,
747,0.001,adam,748,23.82864022254944,0.014783392758763806,0.0,0.07124716265201009,0.0860305554107739,,,,
748,0.001,adam,749,23.84472918510437,0.014931470318747647,0.0,0.08443566810802214,0.09936713842676978,,,,
749,0.001,adam,750,23.857656955718994,0.014721800141237161,0.0,0.06725251433528485,0.08197431447652201,,,,
750,0.001,adam,751,23.868006706237793,0.014503023550192158,0.0,0.07170175982059059,0.08620478337078274,,,,
751,0.001,adam,752,23.87791085243225,0.014478962648564195,0.0,0.08836230196235713,0.10284126461092133,,,,
752,0.001,adam,753,23.88723063468933,0.014909734164473422,0.0,0.07582617097628766,0.09073590514076108,,,,
753,0.001,adam,754,23.901065587997437,0.014741948665493415,0.0,0.06953945189197763,0.08428140055747105,,,,
754,0.001,adam,755,23.91076135635376,0.01444089971548555,0.0,0.08642420617573851,0.10086510589122406,,,,
755,0.001,adam,756,23.92063021659851,0.014401659348576491,0.0,0.07549387421758025,0.08989553356615673,,,,
756,0.001,adam,757,23.932477951049805,0.014407244402155355,0.0,0.07841562900787405,0.0928228734100294,,,,
757,0.001,adam,758,23.949257373809814,0.014845732230841527,0.0,0.07200410218339441,0.08684983441423594,,,,
758,0.001,adam,759,23.958646059036255,0.014711566199402965,0.0,0.06870086641276138,0.08341243261216434,,,,
759,0.001,adam,760,23.968984365463257,0.014427780778110381,0.0,0.0779692381736203,0.09239701895173068,0.020067499915520638,0.0,0.08526911771096728,0.10533661762648791
760,0.001,adam,761,23.98968768119812,0.014569327600953223,0.0,0.08689681277233827,0.10146614037329149,,,,
761,0.001,adam,762,24.01373839378357,0.014673314470891938,0.0,0.08155952495061902,0.09623283942151097,,,,
762,0.001,adam,763,24.028414487838745,0.0148366342939862,0.0,0.0739204118416417,0.0887570461356279,,,,
763,0.001,adam,764,24.04203224182129,0.01462356663348076,0.0,0.06798228367427565,0.08260585030775641,,,,
764,0.001,adam,765,24.05423092842102,0.01426006976144029,0.0,0.07709992734010482,0.0913599971015451,,,,
765,0.001,adam,766,24.066229343414307,0.014373887479074742,0.0,0.06713891207418306,0.0815127995532578,,,,
766,0.001,adam,767,24.077248573303223,0.014420358513221041,0.0,0.05919730395878804,0.07361766247200908,,,,
767,0.001,adam,768,24.08919668197632,0.014426419995473453,0.0,0.06963559682847739,0.08406201682395084,,,,
768,0.001,adam,769,24.119075775146484,0.014463645192062164,0.0,0.07592634073072832,0.09038998592279049,,,,
769,0.001,adam,770,24.129567861557007,0.014089782783612967,0.0,0.07782553886682661,0.09191532165043957,,,,
770,0.001,adam,771,24.148471355438232,0.014306657155357245,0.0,0.062311992437969144,0.07661864959332639,,,,
771,0.001,adam,772,24.158729791641235,0.014474488016298078,0.0,0.06536097945845405,0.07983546747475213,,,,
772,0.001,adam,773,24.17327904701233,0.014275185733093654,0.0,0.08326575576763949,0.09754094150073314,,,,
773,0.001,adam,774,24.18334412574768,0.014329105415647856,0.0,0.07721868036784331,0.09154778578349117,,,,
774,0.001,adam,775,24.192646503448486,0.014017976577290163,0.0,0.0767028306247999,0.09072080720209007,,,,
775,0.001,adam,776,24.20677423477173,0.014187861308212958,0.0,0.06394160053928095,0.07812946184749392,,,,
776,0.001,adam,777,24.216474056243896,0.014349841127845724,0.0,0.06722384254567941,0.08157368367352513,,,,
777,0.001,adam,778,24.22624921798706,0.014101817211117066,0.0,0.08324700166799659,0.09734881887911366,,,,
778,0.001,adam,779,24.23707151412964,0.014142874321293625,0.0,0.058045124198835826,0.07218799852012946,,,,
779,0.001,adam,780,24.248321294784546,0.01417952366770208,0.0,0.07875179949344926,0.09293132316115135,0.019649042177618658,0.0,0.08401602026121027,0.10366506243882893
780,0.001,adam,781,24.268983125686646,0.013973732047984884,0.0,0.07848740783200095,0.09246113987998583,,,,
781,0.001,adam,782,24.280219078063965,0.01422037767006348,0.0,0.0728218569974776,0.08704223466754109,,,,
782,0.001,adam,783,24.294702291488647,0.014216986232240453,0.0,0.06381628064108047,0.07803326687332092,,,,
783,0.001,adam,784,24.308106422424316,0.014043251688078054,0.0,0.08715384075488926,0.10119709244296732,,,,
784,0.001,adam,785,24.33625864982605,0.014246228349822669,0.0,0.09782839240871044,0.11207462075853311,,,,
785,0.001,adam,786,24.359716653823853,0.013954574704129323,0.0,0.07055460340553157,0.0845091781096609,,,,
786,0.001,adam,787,24.37199878692627,0.013973190159126236,0.0,0.06635276243508584,0.08032595259421207,,,,
787,0.001,adam,788,24.383033275604248,0.014226661089897006,0.0,0.08584096312597893,0.10006762421587594,,,,
788,0.001,adam,789,24.393000602722168,0.013906566707368954,0.0,0.07155665598667453,0.08546322269404348,,,,
789,0.001,adam,790,24.402915239334106,0.013963773391625458,0.0,0.06248387106815116,0.07644764445977661,,,,
790,0.001,adam,791,24.413822174072266,0.014134052892599273,0.0,0.06345573546141445,0.07758978835401373,,,,
791,0.001,adam,792,24.42420268058777,0.014046180002527685,0.0,0.06987123782780537,0.08391741783033305,,,,
792,0.001,adam,793,24.436593055725098,0.01401196154188505,0.0,0.06763289623652766,0.08164485777841271,,,,
793,0.001,adam,794,24.44831871986389,0.013826807947641526,0.0,0.05861626368349491,0.07244307163113643,,,,
794,0.001,adam,795,24.459617853164673,0.013799719792586982,0.0,0.06847485693199558,0.08227457672458256,,,,
795,0.001,adam,796,24.470874071121216,0.013915737668205726,0.0,0.07038481884687582,0.08430055651508155,,,,
796,0.001,adam,797,24.482433080673218,0.013831241771937067,0.0,0.06843229391277753,0.08226353568471459,,,,
797,0.001,adam,798,24.4960298538208,0.013852167135916868,0.0,0.06471035030957321,0.07856251744549009,,,,
798,0.001,adam,799,24.512073040008545,0.013878037392906422,0.0,0.05902362174023579,0.07290165913314221,,,,
799,0.001,adam,800,24.52519965171814,0.013836085811765413,0.0,0.06684711803880422,0.08068320385056964,0.019492574063665263,0.0,0.060724322727627976,0.08021689679129324
800,0.001,adam,801,24.54774522781372,0.013861716851929369,0.0,0.06685079572956323,0.0807125125814926,,,,
801,0.001,adam,802,24.557777881622314,0.0137574024204877,0.0,0.06575753613858888,0.07951493855907658,,,,
802,0.001,adam,803,24.5728657245636,0.013694500337963897,0.0,0.06282981052255365,0.07652431086051754,,,,
803,0.001,adam,804,24.585174798965454,0.013812939833961695,0.0,0.05675896853052359,0.07057190836448529,,,,
804,0.001,adam,805,24.59511375427246,0.013865098954171682,0.0,0.06165664973786802,0.0755217486920397,,,,
805,0.001,adam,806,24.612359523773193,0.013714136863625395,0.0,0.0658199842362056,0.07953412109983099,,,,
806,0.001,adam,807,24.622731685638428,0.013701620631051889,0.0,0.07033950361921619,0.08404112425026808,,,,
807,0.001,adam,808,24.633705615997314,0.013613831176970096,0.0,0.061979568105878347,0.07559339928284844,,,,
808,0.001,adam,809,24.644472360610962,0.013580601216983504,0.0,0.07019414255507048,0.08377474377205398,,,,
809,0.001,adam,810,24.655093908309937,0.013841657428835792,0.0,0.06900974481754622,0.08285140224638202,,,,
810,0.001,adam,811,24.673017978668213,0.013710038178605086,0.0,0.05800919285565044,0.07171923103425552,,,,
811,0.001,adam,812,24.683979034423828,0.013441079955164158,0.0,0.06348804520442912,0.07692912515959327,,,,
812,0.001,adam,813,24.69447636604309,0.013524283108455496,0.0,0.06460877788259294,0.07813306099104843,,,,
813,0.001,adam,814,24.708802461624146,0.013646243582987147,0.0,0.057082909172641014,0.07072915275562816,,,,
814,0.001,adam,815,24.719303369522095,0.013668658220776498,0.0,0.05643657155592001,0.0701052297766965,,,,
815,0.001,adam,816,24.735501527786255,0.01353813020797654,0.0,0.06439710161297607,0.0779352318209526,,,,
816,0.001,adam,817,24.74517583847046,0.01343062310514175,0.0,0.060410239782034934,0.07384086288717669,,,,
817,0.001,adam,818,24.75465154647827,0.013567708366079508,0.0,0.0668808792617941,0.08044858762787362,,,,
818,0.001,adam,819,24.764670372009277,0.013790464409215403,0.0,0.07325049176773231,0.08704095617694771,,,,
819,0.001,adam,820,24.775912523269653,0.013565897721589042,0.0,0.05669800468310413,0.07026390240469317,0.019132593261285212,0.0,0.06096761488991797,0.08010020815120318
820,0.001,adam,821,24.79504680633545,0.013531879260669668,0.0,0.07546221959865407,0.08899409885932373,,,,
821,0.001,adam,822,24.805375337600708,0.013744283597375513,0.0,0.07560217612830333,0.08934645972567884,,,,
822,0.001,adam,823,24.82218074798584,0.013442771771186376,0.0,0.07188841746766199,0.08533118923884836,,,,
823,0.001,adam,824,24.832422494888306,0.013397968436577527,0.0,0.05871131389385551,0.07210928233043304,,,,
824,0.001,adam,825,24.842126607894897,0.01339403577596471,0.0,0.06408131868971897,0.07747535446568368,,,,
825,0.001,adam,826,24.863072872161865,0.013405580107901556,0.0,0.0730557421378277,0.08646132224572925,,,,
826,0.001,adam,827,24.882760524749756,0.013664836926836406,0.0,0.06217314871974777,0.07583798564658417,,,,
827,0.001,adam,828,24.896262407302856,0.013508368662351807,0.0,0.05791514617738207,0.07142351483973387,,,,
828,0.001,adam,829,24.917830228805542,0.013062859676771791,0.0,0.07887388175826032,0.09193674143503211,,,,
829,0.001,adam,830,24.937678337097168,0.013403178778062288,0.0,0.07890443851932125,0.09230761729738353,,,,
830,0.001,adam,831,24.948027849197388,0.013490941252041339,0.0,0.19035073311137332,0.20384167436341466,,,,
831,0.001,adam,832,24.958109855651855,0.013284631842815328,0.0,0.082430254265892,0.09571488610870732,,,,
832,0.001,adam,833,24.97298765182495,0.013342006863825518,0.0,0.09468349767414719,0.1080255045379727,,,,
833,0.001,adam,834,24.993371963500977,0.013199591494424637,0.0,0.08736992809136124,0.10056951958578587,,,,
834,0.001,adam,835,25.00625514984131,0.013293750721452755,0.0,0.07943645128163027,0.09273020200308302,,,,
835,0.001,adam,836,25.017542362213135,0.013577071295329042,0.0,0.08117511596340729,0.09475218725873633,,,,
836,0.001,adam,837,25.03492832183838,0.01314135912783535,0.0,0.051552271720171995,0.06469363084800735,,,,
837,0.001,adam,838,25.045125246047974,0.012827519561612035,0.0,0.08709604749987518,0.09992356706148721,,,,
838,0.001,adam,839,25.05583119392395,0.013165007624027353,0.0,0.07050878817985244,0.08367379580387979,,,,
839,0.001,adam,840,25.06576943397522,0.013267031872592015,0.0,0.06694936587173894,0.08021639774433095,0.018716803646034737,0.0,0.06431332334317655,0.08303012698921128
840,0.001,adam,841,25.083173036575317,0.013114226512084038,0.0,0.06652525628783543,0.07963948279991946,,,,
841,0.001,adam,842,25.09566593170166,0.013072468348241334,0.0,0.07911021762154624,0.09218268596978757,,,,
842,0.001,adam,843,25.105482816696167,0.01299689344657419,0.0,0.05733440551631717,0.07033129896289136,,,,
843,0.001,adam,844,25.11729907989502,0.013069739382600871,0.0,0.061003472254943056,0.07407321163754393,,,,
844,0.001,adam,845,25.127579927444458,0.01322452946137658,0.0,0.07357924360474202,0.0868037730661186,,,,
845,0.001,adam,846,25.13919711112976,0.012984136798549609,0.0,0.060155735552077094,0.0731398723506267,,,,
846,0.001,adam,847,25.149742126464844,0.012964687280612314,0.0,0.06110984776074977,0.07407453504136208,,,,
847,0.001,adam,848,25.16075372695923,0.013051213483928854,0.0,0.05700604324849625,0.0700572567324251,,,,
848,0.001,adam,849,25.172820806503296,0.012981760323419937,0.0,0.05305354337322128,0.06603530369664122,,,,
849,0.001,adam,850,25.184593439102173,0.01289981567999255,0.0,0.06725360724794936,0.08015342292794192,,,,
850,0.001,adam,851,25.195043325424194,0.012868627195147251,0.0,0.05412039936788533,0.06698902656303259,,,,
851,0.001,adam,852,25.205363750457764,0.012732665514071845,0.0,0.05493242076245271,0.06766508627652455,,,,
852,0.001,adam,853,25.216411590576172,0.012844612138993319,0.0,0.05958848953139232,0.07243310167038564,,,,
853,0.001,adam,854,25.226253747940063,0.013071796466763867,0.0,0.06481615226602103,0.0778879487327849,,,,
854,0.001,adam,855,25.235869646072388,0.012763395618104084,0.0,0.05775647112134517,0.07051986673944925,,,,
855,0.001,adam,856,25.245963096618652,0.012671381490590914,0.0,0.0657721010008721,0.078443482491463,,,,
856,0.001,adam,857,25.25573229789734,0.012835911650071544,0.0,0.048947167664740276,0.06178307931481182,,,,
857,0.001,adam,858,25.27271056175232,0.012870432350285312,0.0,0.06200016331012013,0.07487059566040544,,,,
858,0.001,adam,859,25.284257650375366,0.012772267738258469,0.0,0.06472358219496546,0.07749584993322393,,,,
859,0.001,adam,860,25.29519271850586,0.012875297559829057,0.0,0.05383352940541926,0.06670882696524831,0.018516641707485137,0.0,0.05422149084194591,0.07273813254943105
860,0.001,adam,861,25.320318460464478,0.01296815404935655,0.0,0.05160606508887446,0.06457421913823101,,,,
861,0.001,adam,862,25.33113121986389,0.012895394744261804,0.0,0.06724810169406611,0.08014349643832792,,,,
862,0.001,adam,863,25.341917991638184,0.012962450660226249,0.0,0.05951424497130846,0.07247669563153471,,,,
863,0.001,adam,864,25.352808475494385,0.012905752143266351,0.0,0.21174225760935111,0.22464800975261748,,,,
864,0.001,adam,865,25.365629196166992,0.012879030230396821,0.0,0.0516755838267271,0.06455461405712393,,,,
865,0.001,adam,866,25.385629415512085,0.012936207921343909,0.0,0.04941246055345144,0.06234866847479535,,,,
866,0.001,adam,867,25.395583391189575,0.012847734219151337,0.0,0.054700436865129265,0.0675481710842806,,,,
867,0.001,adam,868,25.405070781707764,0.012654722852276971,0.0,0.05538267893801614,0.0680374017902931,,,,
868,0.001,adam,869,25.414576292037964,0.012713768618099164,0.0,0.05227762034621675,0.06499138896431592,,,,
869,0.001,adam,870,25.42428755760193,0.01280639373472916,0.0,0.05633220261038102,0.06913859634511019,,,,
870,0.001,adam,871,25.43446636199951,0.012641840189142453,0.0,0.055790093351713546,0.068431933540856,,,,
871,0.001,adam,872,25.450045824050903,0.01261033491317254,0.0,0.06505108128941042,0.07766141620258296,,,,
872,0.001,adam,873,25.46039128303528,0.012719246514493075,0.0,0.053942960570018385,0.06666220708451145,,,,
873,0.001,adam,874,25.47003722190857,0.012806857768105242,0.0,0.06508362787412456,0.07789048564222979,,,,
874,0.001,adam,875,25.480291843414307,0.012741163635677445,0.0,0.059616488527235736,0.07235765216291318,,,,
875,0.001,adam,876,25.493107080459595,0.012523597022954873,0.0,0.05965230297951043,0.0721759000024653,,,,
876,0.001,adam,877,25.513365983963013,0.012580776265474419,0.0,0.06419871859865244,0.07677949486412686,,,,
877,0.001,adam,878,25.524470567703247,0.01290706716046454,0.0,0.06509680845197532,0.07800387561243986,,,,
878,0.001,adam,879,25.53782844543457,0.012732000794474202,0.0,0.05789411469931939,0.07062611549379359,,,,
879,0.001,adam,880,25.549578189849854,0.012439596744167832,0.0,0.06011520478019897,0.0725548015243668,0.018090255704909443,0.0,0.06762402565528763,0.08571428136019707
880,0.001,adam,881,25.57773995399475,0.012518231255406548,0.0,0.08355241807226485,0.0960706493276714,,,,
881,0.001,adam,882,25.587247610092163,0.01267213281299873,0.0,0.04953313273992356,0.06220526555292229,,,,
882,0.001,adam,883,25.60000467300415,0.012660947384696222,0.0,0.0660640360059025,0.07872498339059872,,,,
883,0.001,adam,884,25.60988426208496,0.012523695175165812,0.0,0.06079507658813581,0.07331877176330162,,,,
884,0.001,adam,885,25.619733572006226,0.012420881798073201,0.0,0.05889177370508314,0.07131265550315634,,,,
885,0.001,adam,886,25.630820751190186,0.01242435032142756,0.0,0.061597595267854445,0.074021945589282,,,,
886,0.001,adam,887,25.641846895217896,0.012550303508320813,0.0,0.051612155015777185,0.06416245852409799,,,,
887,0.001,adam,888,25.669644832611084,0.012497021673960851,0.0,0.06633563776445824,0.07883265943841909,,,,
888,0.001,adam,889,25.679136276245117,0.012224797435815482,0.0,0.06809660295414438,0.08032140038995986,,,,
889,0.001,adam,890,25.68934726715088,0.012413706457234316,0.0,0.04850932508235045,0.06092303153958477,,,,
890,0.001,adam,891,25.699159860610962,0.012673004333195488,0.0,0.06741153692597979,0.08008454125917527,,,,
891,0.001,adam,892,25.70987892150879,0.012377640100979088,0.0,0.06285140497445967,0.07522904507543876,,,,
892,0.001,adam,893,25.720645427703857,0.012369372168305344,0.0,0.049569458720200785,0.06193883088850613,,,,
893,0.001,adam,894,25.756675720214844,0.012538289091058108,0.0,0.05940728054719731,0.07194556963825542,,,,
894,0.001,adam,895,25.768067836761475,0.012561959843811582,0.0,0.057801065167313335,0.07036302501112492,,,,
895,0.001,adam,896,25.778604984283447,0.012545654475063742,0.0,0.04627382800846107,0.05881948248352481,,,,
896,0.001,adam,897,25.792964458465576,0.012412177931577407,0.0,0.05937616825465747,0.07178834618623488,,,,
897,0.001,adam,898,25.803520441055298,0.012322045534812535,0.0,0.059040200159782265,0.0713622456945948,,,,
898,0.001,adam,899,25.81858801841736,0.012383091578266992,0.0,0.04895800621437437,0.061341097792641366,,,,
899,0.001,adam,900,25.82997465133667,0.01244960934680848,0.0,0.0526266549399926,0.06507626428680108,0.018011845019667676,0.0,0.052534964353112334,0.07054680937278002
900,0.001,adam,901,25.847329139709473,0.012320652045126898,0.0,0.048404955261095964,0.06072560730622286,,,,
901,0.001,adam,902,25.857842683792114,0.012131539459262345,0.0,0.05935483754296833,0.07148637700223068,,,,
902,0.001,adam,903,25.868890523910522,0.012426267146932938,0.0,0.051645728148461564,0.06407199529539451,,,,
903,0.001,adam,904,25.878592014312744,0.012436103455068405,0.0,0.05555762781470273,0.06799373126977114,,,,
904,0.001,adam,905,25.88887667655945,0.012071907455489974,0.0,0.059791635056479366,0.07186354251196934,,,,
905,0.001,adam,906,25.898975610733032,0.012156537158079865,0.0,0.05433951523791604,0.0664960523959959,,,,
906,0.001,adam,907,25.908823251724243,0.012471697137696797,0.0,0.049974179093192815,0.06244587623088961,,,,
907,0.001,adam,908,25.920244455337524,0.012455422556744143,0.0,0.058334915541737566,0.0707903380984817,,,,
908,0.001,adam,909,25.934823751449585,0.012164353972906676,0.0,0.04925305442789366,0.06141740840080034,,,,
909,0.001,adam,910,25.944710731506348,0.012107721680320612,0.0,0.046397440964056846,0.05850516264437746,,,,
910,0.001,adam,911,25.956434965133667,0.012195746554404386,0.0,0.04857284641984755,0.06076859297425193,,,,
911,0.001,adam,912,25.967509508132935,0.01227316464652042,0.0,0.04550267020060297,0.05777583484712338,,,,
912,0.001,adam,913,25.980834484100342,0.012207255900215494,0.0,0.0508525625516157,0.0630598184518312,,,,
913,0.001,adam,914,25.999115467071533,0.012085983911612322,0.0,0.07135708085978139,0.08344306477139371,,,,
914,0.001,adam,915,26.015506505966187,0.012145115428754866,0.0,0.05357663984133386,0.06572175527008872,,,,
915,0.001,adam,916,26.030593395233154,0.012141467854570898,0.0,0.0557548162926292,0.0678962841472001,,,,
916,0.001,adam,917,26.040070056915283,0.011901673469015812,0.0,0.04751126601453877,0.05941293948355458,,,,
917,0.001,adam,918,26.050933122634888,0.011868103875360218,0.0,0.05427649078808385,0.06614459466344406,,,,
918,0.001,adam,919,26.06196618080139,0.012135909009132155,0.0,0.04696685853081388,0.05910276753994603,,,,
919,0.001,adam,920,26.0793616771698,0.01219871212101686,0.0,0.05423310414764808,0.06643181626866494,0.017735501438025516,0.0,0.047753249003778475,0.065488750441804
920,0.001,adam,921,26.102131605148315,0.011955996590000215,0.0,0.04889054300046364,0.06084653959046385,,,,
921,0.001,adam,922,26.11320447921753,0.011875121879357213,0.0,0.049823378401006924,0.06169850028036414,,,,
922,0.001,adam,923,26.124813318252563,0.011996058855177691,0.0,0.04254662539791519,0.05454268425309288,,,,
923,0.001,adam,924,26.13556456565857,0.01211473233089793,0.0,0.04920606335759161,0.06132079568848954,,,,
924,0.001,adam,925,26.145910024642944,0.012125907703253787,0.0,0.046051886247398685,0.05817779395065247,,,,
925,0.001,adam,926,26.162253379821777,0.012018527441180605,0.0,0.05234914029878289,0.0643676677399635,,,,
926,0.001,adam,927,26.17323660850525,0.011986648455949862,0.0,0.04839158562907937,0.060378234085029236,,,,
927,0.001,adam,928,26.194045782089233,0.011921229756977203,0.0,0.04810770674009603,0.060028936497073235,,,,
928,0.001,adam,929,26.223604440689087,0.011791311302554718,0.0,0.05265441891675197,0.06444573021930669,,,,
929,0.001,adam,930,26.23553991317749,0.0117616472573126,0.0,0.05077113044910816,0.06253277770642075,,,,
930,0.001,adam,931,26.26102304458618,0.011794586848971361,0.0,0.05767206806553939,0.06946665491451076,,,,
931,0.001,adam,932,26.27524185180664,0.011884116285907456,0.0,0.04728132762202204,0.0591654439079295,,,,
932,0.001,adam,933,26.286146879196167,0.011830950533555843,0.0,0.04422751327012988,0.056058463803685725,,,,
933,0.001,adam,934,26.296193838119507,0.011780281235518261,0.0,0.04833938425045786,0.06011966548597612,,,,
934,0.001,adam,935,26.31132936477661,0.011869246125310706,0.0,0.047271212834572904,0.05914045895988361,,,,
935,0.001,adam,936,26.325539588928223,0.011877365340263941,0.0,0.0433792047182346,0.055256570058498544,,,,
936,0.001,adam,937,26.33582353591919,0.011863391658183496,0.0,0.05690646473419625,0.06876985639237974,,,,
937,0.001,adam,938,26.355548620224,0.011817134748532026,0.0,0.045152234422886135,0.05696936917141816,,,,
938,0.001,adam,939,26.366442441940308,0.011849762450162402,0.0,0.049134467158130433,0.060984229608292834,,,,
939,0.001,adam,940,26.376882553100586,0.011871188770294496,0.0,0.04229585782155423,0.05416704659184872,0.017674744989436754,0.0,0.046694400786478844,0.0643691457759156
940,0.001,adam,941,26.404101133346558,0.01180066988017612,0.0,0.0425553620000576,0.05435603188023372,,,,
941,0.001,adam,942,26.419681072235107,0.011674984781401315,0.0,0.0471047161398978,0.05877970092129911,,,,
942,0.001,adam,943,26.43010139465332,0.01166895508976878,0.0,0.05062443197297495,0.062293387062743726,,,,
943,0.001,adam,944,26.439254999160767,0.01175881867629289,0.0,0.049816297915245694,0.06157511659153858,,,,
944,0.001,adam,945,26.456984519958496,0.011724795944257814,0.0,0.04566792855822081,0.05739272450247863,,,,
945,0.001,adam,946,26.46855139732361,0.011714256643010814,0.0,0.05104889097317172,0.06276314761618254,,,,
946,0.001,adam,947,26.48112416267395,0.011780125558636827,0.0,0.04970604136508058,0.06148616692371741,,,,
947,0.001,adam,948,26.490222692489624,0.011709003141003944,0.0,0.04745171271707023,0.05916071585807417,,,,
948,0.001,adam,949,26.49956703186035,0.011681564681937049,0.0,0.0445365269833681,0.05621809166530515,,,,
949,0.001,adam,950,26.515196084976196,0.011828458549325745,0.0,0.05561473412426247,0.06744319267358821,,,,
950,0.001,adam,951,26.525489807128906,0.011654243015213768,0.0,0.04852848843851411,0.06018273145372788,,,,
951,0.001,adam,952,26.537994861602783,0.011570972917685357,0.0,0.052514971898604365,0.06408594481628972,,,,
952,0.001,adam,953,26.55040192604065,0.01166513666120854,0.0,0.05797816273953597,0.06964329940074451,,,,
953,0.001,adam,954,26.564221620559692,0.011599962736606755,0.0,0.04806052043146898,0.059660483168075734,,,,
954,0.001,adam,955,26.596307039260864,0.011639713593855808,0.0,0.05178215012760212,0.06342186372145793,,,,
955,0.001,adam,956,26.60799241065979,0.011625602551199581,0.0,0.06138497963857521,0.0730105821897748,,,,
956,0.001,adam,957,26.619791746139526,0.011403142638412333,0.0,0.052910119404995834,0.06431326204340816,,,,
957,0.001,adam,958,26.632563829421997,0.01155458312486985,0.0,0.048653473753092626,0.060208056877962476,,,,
958,0.001,adam,959,26.648526668548584,0.011657336050541372,0.0,0.05015781885550732,0.06181515490604869,,,,
959,0.001,adam,960,26.65872621536255,0.01145568692826334,0.0,0.04903910213733449,0.06049478906559783,0.017063915552371085,0.0,0.04833705489332351,0.0654009704456946
960,0.001,adam,961,26.67561936378479,0.01141463816227865,0.0,0.05289456954672404,0.0643092077090027,,,,
961,0.001,adam,962,26.6937038898468,0.01157046152102477,0.0,0.050025895312487426,0.061596356833512195,,,,
962,0.001,adam,963,26.70784330368042,0.011579667219225976,0.0,0.05227466441018065,0.06385433162940662,,,,
963,0.001,adam,964,26.7184956073761,0.011460761149136175,0.0,0.04835263994084119,0.05981340108997737,,,,
964,0.001,adam,965,26.732701063156128,0.011525956915774904,0.0,0.048995703118303216,0.06052166003407812,,,,
965,0.001,adam,966,26.74294090270996,0.011513205549838134,0.0,0.051953471884269,0.06346667743410714,,,,
966,0.001,adam,967,26.754666328430176,0.011524539216743119,0.0,0.048750485028414545,0.06027502424515766,,,,
967,0.001,adam,968,26.766775369644165,0.011509400120126464,0.0,0.056730155308229,0.06823955542835547,,,,
968,0.001,adam,969,26.77761435508728,0.011342819028116857,0.0,0.06077735407213798,0.07212017310025484,,,,
969,0.001,adam,970,26.792354583740234,0.011424710061396396,0.0,0.04485553144887226,0.056280241510268655,,,,
970,0.001,adam,971,26.8043270111084,0.011702636959212066,0.0,0.061465466604923705,0.07316810356413578,,,,
971,0.001,adam,972,26.814194440841675,0.01152924676456808,0.0,0.0559823175782803,0.06751156434284838,,,,
972,0.001,adam,973,26.827377319335938,0.011455316867519863,0.0,0.04239995244710361,0.05385526931462347,,,,
973,0.001,adam,974,26.83721899986267,0.011534149696068741,0.0,0.05047919516182444,0.062013344857893185,,,,
974,0.001,adam,975,26.855320930480957,0.011498757347551996,0.0,0.04659871681152008,0.05809747415907207,,,,
975,0.001,adam,976,26.869724988937378,0.011382296539482159,0.0,0.04083991121944754,0.0522222077589297,,,,
976,0.001,adam,977,26.880136013031006,0.011328999133792093,0.0,0.0512193078747053,0.0625483070084974,,,,
977,0.001,adam,978,26.89243173599243,0.011349074647355968,0.0,0.05079379060620427,0.06214286525356024,,,,
978,0.001,adam,979,26.90364146232605,0.011415482695974002,0.0,0.039069221275028335,0.05048470397100234,,,,
979,0.001,adam,980,26.91499614715576,0.011435512047774462,0.0,0.0553615274386305,0.06679703948640496,0.016904463749694898,0.0,0.053758302272674904,0.0706627660223698
980,0.001,adam,981,26.95193123817444,0.011118197942761317,0.0,0.0540218644881616,0.06514006243092291,,,,
981,0.001,adam,982,26.961214303970337,0.011121536828243192,0.0,0.044851125129725264,0.055972661957968455,,,,
982,0.001,adam,983,26.972785234451294,0.011332872245842375,0.0,0.05117212013043212,0.06250499237627449,,,,
983,0.001,adam,984,26.986409425735474,0.011267493679331022,0.0,0.06840220014686867,0.07966969382619969,,,,
984,0.001,adam,985,27.000478982925415,0.011236725227227318,0.0,0.050852878173371995,0.06208960340059931,,,,
985,0.001,adam,986,27.013182640075684,0.011154711842697736,0.0,0.040883927609594195,0.05203863945229193,,,,
986,0.001,adam,987,27.04267454147339,0.01113040512856066,0.0,0.056459461864620274,0.06758986699318094,,,,
987,0.001,adam,988,27.053568840026855,0.011081045603826726,0.0,0.04252306184418216,0.05360410744800889,,,,
988,0.001,adam,989,27.0790536403656,0.010932961368703477,0.0,0.048941253797077436,0.05987421516578091,,,,
989,0.001,adam,990,27.08945345878601,0.011039996238401389,0.0,0.04648556220241498,0.057525558440816374,,,,
990,0.001,adam,991,27.099271059036255,0.01137337933750508,0.0,0.054370986864929007,0.06574436620243408,,,,
991,0.001,adam,992,27.11339545249939,0.011139174259796871,0.0,0.042737227079790205,0.05387640133958708,,,,
992,0.001,adam,993,27.126898527145386,0.010883287754042513,0.0,0.05846321749068686,0.06934650524472936,,,,
993,0.001,adam,994,27.138280630111694,0.011154399937728814,0.0,0.06510368660874574,0.07625808654647456,,,,
994,0.001,adam,995,27.14819622039795,0.011172561245814748,0.0,0.04714361662498108,0.05831617787079583,,,,
995,0.001,adam,996,27.1578106880188,0.011137810298806186,0.0,0.056995596839600135,0.06813340713840632,,,,
996,0.001,adam,997,27.16893768310547,0.011229310552293398,0.0,0.07193970028311761,0.083169010835411,,,,
997,0.001,adam,998,27.179976224899292,0.011102536230102409,0.0,0.044456378927571504,0.055558915157673916,,,,
998,0.001,adam,999,27.18946409225464,0.011112319010589445,0.0,0.04868635868374542,0.05979867769433486,,,,
999,0.001,adam,1000,27.198835372924805,0.011244106189403115,0.0,0.06813783545334447,0.07938194164274759,0.016981606266903874,0.0,0.04344039042076623,0.06042199668767011
1000,0.001,adam,1001,27.217816591262817,0.01102418112704822,0.0,0.04753277372392978,0.058556954850978,,,,
1001,0.001,adam,1002,27.23175311088562,0.010945270734560794,0.0,0.05774959091198169,0.06869486164654248,,,,
1002,0.001,adam,1003,27.242335319519043,0.01115262598049703,0.0,0.07285300320630154,0.08400562918679857,,,,
1003,0.001,adam,1004,27.253873348236084,0.011012653446328234,0.0,0.050954885734018115,0.06196753918034635,,,,
1004,0.001,adam,1005,27.266919136047363,0.01090009637198406,0.0,0.0519423435491843,0.06284243992116836,,,,
1005,0.001,adam,1006,27.278669595718384,0.011090740430740641,0.0,0.06799209008596055,0.07908283051670119,,,,
1006,0.001,adam,1007,27.2953679561615,0.010968511743536307,0.0,0.06889932986301388,0.07986784160655018,,,,
1007,0.001,adam,1008,27.308201789855957,0.010908680945306273,0.0,0.06451157598362438,0.07542025692893065,,,,
1008,0.001,adam,1009,27.32110571861267,0.011148315149519842,0.0,0.056594557122286296,0.06774287227180614,,,,
1009,0.001,adam,1010,27.337153911590576,0.011135157916887631,0.0,0.05202790905274307,0.0631630669696307,,,,
1010,0.001,adam,1011,27.348008632659912,0.010938441175107394,0.0,0.060413254747093456,0.07135169592220085,,,,
1011,0.001,adam,1012,27.3592050075531,0.011006285879974197,0.0,0.05287180647554287,0.06387809235551707,,,,
1012,0.001,adam,1013,27.3765971660614,0.01093168835724773,0.0,0.04196422854787918,0.052895916905126905,,,,
1013,0.001,adam,1014,27.38722586631775,0.010910780280139934,0.0,0.050210899832139055,0.06112168011227899,,,,
1014,0.001,adam,1015,27.3994562625885,0.011014810938254996,0.0,0.05568560963732683,0.06670042057558183,,,,
1015,0.001,adam,1016,27.409682989120483,0.010947906029492228,0.0,0.04376879058294945,0.054716696612441676,,,,
1016,0.001,adam,1017,27.42046570777893,0.010854198083508976,0.0,0.05239159849469892,0.06324579657820789,,,,
1017,0.001,adam,1018,27.433704614639282,0.01091669132917481,0.0,0.05104338374386959,0.0619600750730444,,,,
1018,0.001,adam,1019,27.446457624435425,0.010920749407137368,0.0,0.04083130602721084,0.05175205543434821,,,,
1019,0.001,adam,1020,27.46390461921692,0.010920169922168115,0.0,0.06251215391933618,0.07343232384150429,0.016738002740163196,0.0,0.04898441636230688,0.06572241910247008
1020,0.001,adam,1021,27.490906238555908,0.011064460843757227,0.0,0.04892166482509498,0.05998612566885221,,,,
1021,0.001,adam,1022,27.501322269439697,0.01098303698183656,0.0,0.04567090454259028,0.056653941524426835,,,,
1022,0.001,adam,1023,27.511192321777344,0.01099606015614852,0.0,0.0553327844732074,0.06632884462935593,,,,
1023,0.001,adam,1024,27.522200107574463,0.011175933933981808,0.0,0.04608070425197801,0.057256638185959816,,,,
1024,0.001,adam,1025,27.53230333328247,0.011121308311683828,0.0,0.03896283233263295,0.05008414064431678,,,,
1025,0.001,adam,1026,27.542184591293335,0.010987823504394052,0.0,0.051110415534991537,0.06209823903938559,,,,
1026,0.001,adam,1027,27.555895566940308,0.011061310276828225,0.0,0.057616563491341144,0.06867787376816936,,,,
1027,0.001,adam,1028,27.572229385375977,0.011080708753090777,0.0,0.04355994970423416,0.05464065845732494,,,,
1028,0.001,adam,1029,27.583189249038696,0.01111767946331867,0.0,0.03876426400700357,0.04988194347032224,,,,
1029,0.001,adam,1030,27.59635305404663,0.010983130309072654,0.0,0.046309038149403695,0.057292168458476345,,,,
1030,0.001,adam,1031,27.60841941833496,0.010799241005013298,0.0,0.046627604373218126,0.05742684537823142,,,,
1031,0.001,adam,1032,27.618754863739014,0.010920080705773567,0.0,0.04773891094809053,0.058658991653864095,,,,
1032,0.001,adam,1033,27.633376359939575,0.010987116519425374,0.0,0.0475035781918659,0.05849069471129128,,,,
1033,0.001,adam,1034,27.643773317337036,0.010879338763117556,0.0,0.04848669915258441,0.05936603791570197,,,,
1034,0.001,adam,1035,27.65422296524048,0.01082914126625905,0.0,0.05506075542437364,0.0658898966906327,,,,
1035,0.001,adam,1036,27.664056539535522,0.010760685839991957,0.0,0.03731092308088782,0.04807160892087978,,,,
1036,0.001,adam,1037,27.68088698387146,0.010817805715032418,0.0,0.04750669541271677,0.05832450112774919,,,,
1037,0.001,adam,1038,27.69155740737915,0.010831341562255674,0.0,0.044923874764078664,0.05575521632633434,,,,
1038,0.001,adam,1039,27.70278573036194,0.010648170528453169,0.0,0.05875608108974182,0.069404251618195,,,,
1039,0.001,adam,1040,27.712414503097534,0.010630921729409394,0.0,0.04980779739401952,0.060438719123428915,0.01678442242517289,0.0,0.04293177257778068,0.05971619500295357
1040,0.001,adam,1041,27.738630294799805,0.010858577254800163,0.0,0.04239879676143031,0.05325737401623047,,,,
1041,0.001,adam,1042,27.74775743484497,0.010964324519015129,0.0,0.05173011262781986,0.062694437146835,,,,
1042,0.001,adam,1043,27.75734543800354,0.010697149188818684,0.0,0.05288799800689033,0.06358514719570901,,,,
1043,0.001,adam,1044,27.775874137878418,0.010643526479102633,0.0,0.05011634890766259,0.06075987538676522,,,,
1044,0.001,adam,1045,27.785972118377686,0.01088285119107926,0.0,0.04272453477538365,0.05360738596646291,,,,
1045,0.001,adam,1046,27.79611372947693,0.010863576479604882,0.0,0.05011101244541405,0.06097458892501893,,,,
1046,0.001,adam,1047,27.805596113204956,0.010574217508740564,0.0,0.04685442489847526,0.05742864240721582,,,,
1047,0.001,adam,1048,27.832054615020752,0.010499015509876088,0.0,0.051711634487622817,0.0622106499974989,,,,
1048,0.001,adam,1049,27.841437816619873,0.010637460676889672,0.0,0.04478296790645765,0.05542042858334732,,,,
1049,0.001,adam,1050,27.85218834877014,0.010728569539641306,0.0,0.04302259285600864,0.05375116239564994,,,,
1050,0.001,adam,1051,27.871401071548462,0.010636447857688885,0.0,0.04956153256344068,0.06019798042112957,,,,
1051,0.001,adam,1052,27.890316486358643,0.010637324795445654,0.0,0.044144515890262116,0.05478184068570777,,,,
1052,0.001,adam,1053,27.90022325515747,0.010731971632858467,0.0,0.0460660449268115,0.05679801655966997,,,,
1053,0.001,adam,1054,27.913257122039795,0.010715281262326688,0.0,0.046279741074849924,0.05699502233717661,,,,
1054,0.001,adam,1055,27.9323787689209,0.010675544339329872,0.0,0.04108376572783066,0.05175931006716053,,,,
1055,0.001,adam,1056,27.942626953125,0.010675590804670074,0.0,0.04210071579695279,0.052776306601622865,,,,
1056,0.001,adam,1057,27.955607175827026,0.010645355498649433,0.0,0.04176495045404698,0.05241030595269641,,,,
1057,0.001,adam,1058,27.966106176376343,0.010775983789662087,0.0,0.04843124363320508,0.059207227422867166,,,,
1058,0.001,adam,1059,27.97766375541687,0.010753934663114754,0.0,0.04942345815652434,0.06017739281963909,,,,
1059,0.001,adam,1060,27.99245834350586,0.010621985538193901,0.0,0.036061512271020266,0.046683497809214165,0.016460655897956093,0.0,0.040486859546109,0.056947515444065094
1060,0.001,adam,1061,28.010469436645508,0.010583783322245813,0.0,0.044616689557815704,0.05520047288006152,,,,
1061,0.001,adam,1062,28.02072048187256,0.010637366104649625,0.0,0.04432559468530755,0.054962960789957174,,,,
1062,0.001,adam,1063,28.055768966674805,0.010493620325206557,0.0,0.04463048857406147,0.055124108899268026,,,,
1063,0.001,adam,1064,28.065614461898804,0.010417883636523259,0.0,0.04562297289233721,0.05604085652886047,,,,
1064,0.001,adam,1065,28.079033136367798,0.010493228692311323,0.0,0.041362372923871946,0.05185560161618327,,,,
1065,0.001,adam,1066,28.09842848777771,0.010539620518664413,0.0,0.04017165311357698,0.0507112736322414,,,,
1066,0.001,adam,1067,28.109506607055664,0.010495463856719277,0.0,0.03971766640986842,0.0502131302665877,,,,
1067,0.001,adam,1068,28.119757890701294,0.010383846700051672,0.0,0.0423801444678466,0.052763991167898275,,,,
1068,0.001,adam,1069,28.1354398727417,0.010393328348125105,0.0,0.0386906017609053,0.04908393010903041,,,,
1069,0.001,adam,1070,28.14647126197815,0.010472657705827547,0.0,0.03466126930226121,0.045133927008088756,,,,
1070,0.001,adam,1071,28.156939268112183,0.010423946276501433,0.0,0.03824866819860531,0.04867261447510675,,,,
1071,0.001,adam,1072,28.167537927627563,0.010322167647903576,0.0,0.04111282177534111,0.05143498942324469,,,,
1072,0.001,adam,1073,28.1794753074646,0.010293638010614508,0.0,0.04547880781280968,0.05577244582342419,,,,
1073,0.001,adam,1074,28.19292712211609,0.01039674353241062,0.0,0.038969893012131315,0.04936663654454194,,,,
1074,0.001,adam,1075,28.203905820846558,0.010331389737537394,0.0,0.04109369112276697,0.05142508086030437,,,,
1075,0.001,adam,1076,28.21635413169861,0.010257368100524553,0.0,0.04164769103292,0.05190505913344455,,,,
1076,0.001,adam,1077,28.228013515472412,0.010323512751779866,0.0,0.04016813340148524,0.05049164615326511,,,,
1077,0.001,adam,1078,28.239907026290894,0.0103719252178809,0.0,0.041664402368478196,0.052036327586359093,,,,
1078,0.001,adam,1079,28.25166940689087,0.01038501070063941,0.0,0.04393082081903328,0.05431583151967269,,,,
1079,0.001,adam,1080,28.26228952407837,0.010277260149776871,0.0,0.03590237633332227,0.04617963648309914,0.016064549679049203,0.0,0.04372501099045225,0.05978956066950145
1080,0.001,adam,1081,28.285078048706055,0.010155664391270155,0.0,0.04861795812741988,0.05877362251869004,,,,
1081,0.001,adam,1082,28.29705810546875,0.010237557616760413,0.0,0.04134515538900319,0.05158271300576361,,,,
1082,0.001,adam,1083,28.307485103607178,0.010208131032237744,0.0,0.03973680833213532,0.04994493936437306,,,,
1083,0.001,adam,1084,28.325405597686768,0.010096117472860532,0.0,0.03722200163424186,0.04731811910710239,,,,
1084,0.001,adam,1085,28.339502334594727,0.010142639855868855,0.0,0.039847395957904555,0.04999003581377341,,,,
1085,0.001,adam,1086,28.349250078201294,0.010258283068665504,0.0,0.03366189572785106,0.043920178796516565,,,,
1086,0.001,adam,1087,28.36001420021057,0.010316535888194646,0.0,0.039751563241811914,0.05006809913000656,,,,
1087,0.001,adam,1088,28.36975884437561,0.010263644721194322,0.0,0.035919658744357805,0.04618330346555213,,,,
1088,0.001,adam,1089,28.381889820098877,0.01013863508292588,0.0,0.04285229831103175,0.052990933393957634,,,,
1089,0.001,adam,1090,28.393818378448486,0.010165804159747927,0.0,0.04374629801969645,0.05391210217944438,,,,
1090,0.001,adam,1091,28.404569149017334,0.010308649385512807,0.0,0.03690046218006129,0.04720911156557409,,,,
1091,0.001,adam,1092,28.416027545928955,0.010261630481778361,0.0,0.05859026537922677,0.06885189586100512,,,,
1092,0.001,adam,1093,28.427715301513672,0.01015740827476935,0.0,0.046456185420536235,0.05661359369530558,,,,
1093,0.001,adam,1094,28.437241792678833,0.010186587451001185,0.0,0.04162970792153434,0.05181629537253552,,,,
1094,0.001,adam,1095,28.459222316741943,0.010134330739271441,0.0,0.03770538042705763,0.04783971116632907,,,,
1095,0.001,adam,1096,28.470702171325684,0.0101175002502146,0.0,0.04444292196664034,0.05456042221685494,,,,
1096,0.001,adam,1097,28.481459617614746,0.010171386994938416,0.0,0.04610408617650361,0.05627547317144203,,,,
1097,0.001,adam,1098,28.49945306777954,0.010219738677419052,0.0,0.03868076284876343,0.04890050152618248,,,,
1098,0.001,adam,1099,28.51287579536438,0.010344864797285063,0.0,0.041479634079734276,0.05182449887701934,,,,
1099,0.001,adam,1100,28.52435302734375,0.010173827440298728,0.0,0.03383299459279314,0.044006822033091864,0.01596137753720386,0.0,0.038754587603574614,0.05471596514077848
1100,0.001,adam,1101,28.55176615715027,0.010060644036457374,0.0,0.03692216090752234,0.04698280494397971,,,,
1101,0.001,adam,1102,28.58381199836731,0.01010904123673274,0.0,0.035485564303730344,0.04559460554046309,,,,
1102,0.001,adam,1103,28.598203659057617,0.010232606135318217,0.0,0.04645166948018266,0.05668427561550088,,,,
1103,0.001,adam,1104,28.61021065711975,0.010276393674834187,0.0,0.041711860733389235,0.051988254408223425,,,,
1104,0.001,adam,1105,28.6219961643219,0.010225292417525768,0.0,0.04139520358550761,0.05162049600303338,,,,
1105,0.001,adam,1106,28.64864754676819,0.010099987050940444,0.0,0.039043452557002624,0.04914343960794307,,,,
1106,0.001,adam,1107,28.65977430343628,0.010073511844931765,0.0,0.042409734512811006,0.05248324635774277,,,,
1107,0.001,adam,1108,28.67330574989319,0.01007762557313802,0.0,0.039671803770687505,0.04974942934382552,,,,
1108,0.001,adam,1109,28.68422222137451,0.009953461545138648,0.0,0.04196609363239453,0.051919555177533175,,,,
1109,0.001,adam,1110,28.69457221031189,0.010002496945485231,0.0,0.0374861911038835,0.04748868804936873,,,,
1110,0.001,adam,1111,28.708757162094116,0.010077818855290264,0.0,0.03562914406701787,0.045706962922308136,,,,
1111,0.001,adam,1112,28.721032857894897,0.009977615609546074,0.0,0.03935654779517122,0.049334163404717295,,,,
1112,0.001,adam,1113,28.73364496231079,0.009795296289745615,0.0,0.04866133565242333,0.05845663194216895,,,,
1113,0.001,adam,1114,28.74653911590576,0.009829796503958996,0.0,0.04433735613884626,0.05416715264280526,,,,
1114,0.001,adam,1115,28.756802082061768,0.009824708304379055,0.0,0.04123599378177575,0.051060702086154805,,,,
1115,0.001,adam,1116,28.766225814819336,0.00995132996632879,0.0,0.03769481299268719,0.04764614295901598,,,,
1116,0.001,adam,1117,28.776695489883423,0.00990559978507552,0.0,0.04120326416543992,0.05110886395051544,,,,
1117,0.001,adam,1118,28.787736415863037,0.009784912632730694,0.0,0.044277680055017275,0.05406259268774797,,,,
1118,0.001,adam,1119,28.802902698516846,0.009850855687728246,0.0,0.0393316283889258,0.04918248407665405,,,,
1119,0.001,adam,1120,28.81447458267212,0.009970567172019818,0.0,0.04164397080283157,0.05161453797485138,0.01583674793333716,0.0,0.03807357695382166,0.053910324887158814
1120,0.001,adam,1121,28.837382555007935,0.009899894017002022,0.0,0.040007439000078616,0.04990733301708064,,,,
1121,0.001,adam,1122,28.85273766517639,0.009914775469116484,0.0,0.03988987606235021,0.049804651531466695,,,,
1122,0.001,adam,1123,28.8641574382782,0.009981301379119838,0.0,0.03655642325104648,0.04653772463016632,,,,
1123,0.001,adam,1124,28.876195430755615,0.009991742875535687,0.0,0.03713590239998097,0.04712764527551666,,,,
1124,0.001,adam,1125,28.892009496688843,0.009908149674374492,0.0,0.039377411366733985,0.049285561041108476,,,,
1125,0.001,adam,1126,28.90634775161743,0.009858089468966099,0.0,0.041302356725327526,0.05116044619429362,,,,
1126,0.001,adam,1127,28.924999713897705,0.00989911991924833,0.0,0.03817221653373492,0.04807133645298325,,,,
1127,0.001,adam,1128,28.93490958213806,0.009894896447972873,0.0,0.059101310649244086,0.06899620709721696,,,,
1128,0.001,adam,1129,28.94598889350891,0.009848585232435828,0.0,0.036171910152378785,0.04602049538481461,,,,
1129,0.001,adam,1130,28.957767248153687,0.009918437855454553,0.0,0.04310904336252579,0.05302748121798034,,,,
1130,0.001,adam,1131,28.969078302383423,0.009809087470958293,0.0,0.03512304685354924,0.04493213432450754,,,,
1131,0.001,adam,1132,28.97845196723938,0.009714642670386213,0.0,0.041341090920110686,0.0510557335904969,,,,
1132,0.001,adam,1133,28.99046778678894,0.009804339539413906,0.0,0.040554575047799385,0.05035891458721329,,,,
1133,0.001,adam,1134,29.001299619674683,0.009758416234355517,0.0,0.04152076008348597,0.051279176317841485,,,,
1134,0.001,adam,1135,29.01795244216919,0.00972361352215013,0.0,0.04444357882402776,0.05416719234617789,,,,
1135,0.001,adam,1136,29.02803063392639,0.009712532338478208,0.0,0.036406706083872455,0.04611923842235066,,,,
1136,0.001,adam,1137,29.046958446502686,0.009756087832459086,0.0,0.0384329832492562,0.04818907108171529,,,,
1137,0.001,adam,1138,29.057861328125,0.00970895311911017,0.0,0.041884777414344085,0.05159373053345426,,,,
1138,0.001,adam,1139,29.067909717559814,0.009592733528474588,0.0,0.039719915338778305,0.049312648867252895,,,,
1139,0.001,adam,1140,29.077383518218994,0.009704382595703201,0.0,0.03799231502441175,0.04769669762011495,0.01580847128434649,0.0,0.04478404737412861,0.0605925186584751
1140,0.001,adam,1141,29.098034143447876,0.009860777487953182,0.0,0.04329310643337765,0.05315388392133083,,,,
1141,0.001,adam,1142,29.108089447021484,0.009705468037475861,0.0,0.0294770961505246,0.039182564188000465,,,,
1142,0.001,adam,1143,29.118553638458252,0.009584429108648254,0.0,0.03773996599263197,0.047324395101280226,,,,
1143,0.001,adam,1144,29.129852056503296,0.009629428479898365,0.0,0.03974849507460091,0.04937792355449928,,,,
1144,0.001,adam,1145,29.14060878753662,0.009629240247927428,0.0,0.03494178126459145,0.04457102151251888,,,,
1145,0.001,adam,1146,29.152760982513428,0.00960993103002247,0.0,0.03679196370660668,0.046401894736629146,,,,
1146,0.001,adam,1147,29.17113161087036,0.009596415268533035,0.0,0.04617291329001853,0.055769328558551566,,,,
1147,0.001,adam,1148,29.180917024612427,0.009483028457982665,0.0,0.04135675430494412,0.050839782762926784,,,,
1148,0.001,adam,1149,29.19343900680542,0.009638676626238346,0.0,0.039099967244652825,0.04873864387089117,,,,
1149,0.001,adam,1150,29.203248739242554,0.009583623655068376,0.0,0.04335529604418129,0.052938919699249666,,,,
1150,0.001,adam,1151,29.213569402694702,0.009392410417636856,0.0,0.04438586726688347,0.05377827768452033,,,,
1151,0.001,adam,1152,29.22383141517639,0.009487003800310785,0.0,0.052712682385775964,0.06219968618608675,,,,
1152,0.001,adam,1153,29.234410762786865,0.00964963073702489,0.0,0.04132279248268423,0.05097242321970912,,,,
1153,0.001,adam,1154,29.245431661605835,0.009530456446856019,0.0,0.062225969182671335,0.07175642562952736,,,,
1154,0.001,adam,1155,29.25948929786682,0.009580019593149938,0.0,0.07306356757639536,0.0826435871695453,,,,
1155,0.001,adam,1156,29.27201199531555,0.009381579033550646,0.0,0.055196632586310954,0.0645782116198616,,,,
1156,0.001,adam,1157,29.29026198387146,0.009614231762224304,0.0,0.047643171373820146,0.05725740313604445,,,,
1157,0.001,adam,1158,29.30835247039795,0.009604475039780316,0.0,0.049732664290214654,0.05933713932999497,,,,
1158,0.001,adam,1159,29.32276725769043,0.009458788409897828,0.0,0.059900405055186054,0.06935919346508389,,,,
1159,0.001,adam,1160,29.333384037017822,0.009643122882608032,0.0,0.0417559513590958,0.051399074241703833,0.01568830042142167,0.0,0.04096167806513461,0.05664997848655628
1160,0.001,adam,1161,29.355024814605713,0.00965559339096365,0.0,0.044232499705363304,0.05388809309632696,,,,
1161,0.001,adam,1162,29.367820978164673,0.009440245660917739,0.0,0.046721571024335745,0.05616181668525348,,,,
1162,0.001,adam,1163,29.386803150177002,0.009495098345276518,0.0,0.05510735472114585,0.06460245306642237,,,,
1163,0.001,adam,1164,29.40408158302307,0.009577805877117086,0.0,0.0438496376781649,0.05342744355528199,,,,
1164,0.001,adam,1165,29.414485454559326,0.00960629527131322,0.0,0.048524916329915325,0.05813121160122854,,,,
1165,0.001,adam,1166,29.427345037460327,0.009549157477364848,0.0,0.050125165788470503,0.059674323265835355,,,,
1166,0.001,adam,1167,29.439504384994507,0.009407976927355588,0.0,0.041401008590244356,0.05080898551759994,,,,
1167,0.001,adam,1168,29.45017433166504,0.009525514579544215,0.0,0.036580801875012094,0.04610631645455631,,,,
1168,0.001,adam,1169,29.466506958007812,0.009572366404872593,0.0,0.03822227117516251,0.047794637580035104,,,,
1169,0.001,adam,1170,29.477344036102295,0.009417910214963736,0.0,0.033420051202913935,0.04283796141787767,,,,
1170,0.001,adam,1171,29.493013858795166,0.009357964952721749,0.0,0.04672919903001928,0.05608716398274102,,,,
1171,0.001,adam,1172,29.5022931098938,0.009566373367124573,0.0,0.05537656505433438,0.06494293842145896,,,,
1172,0.001,adam,1173,29.51192808151245,0.009461268795496636,0.0,0.04944755857366722,0.058908827369163856,,,,
1173,0.001,adam,1174,29.52280330657959,0.009433539721134714,0.0,0.03619236091404498,0.04562590063517969,,,,
1174,0.001,adam,1175,29.53389859199524,0.009465688679281239,0.0,0.05295145745808124,0.062417146137362475,,,,
1175,0.001,adam,1176,29.5493323802948,0.009337099395470866,0.0,0.05537600225128123,0.06471310164675209,,,,
1176,0.001,adam,1177,29.561357021331787,0.009412662606243256,0.0,0.034612206246909485,0.04402486885315274,,,,
1177,0.001,adam,1178,29.582125663757324,0.009398378006269503,0.0,0.04307877741308897,0.052477155419358476,,,,
1178,0.001,adam,1179,29.596509218215942,0.009284181679828833,0.0,0.04975063367214906,0.059034815351977896,,,,
1179,0.001,adam,1180,29.606083393096924,0.009270082176609861,0.0,0.03516112076928778,0.04443120294589764,0.015454095395638455,0.0,0.03829201630411669,0.05374611169975514
1180,0.001,adam,1181,29.62723731994629,0.009271062003632374,0.0,0.044477008520605245,0.05374807052423762,,,,
1181,0.001,adam,1182,29.64299511909485,0.009292770661199443,0.0,0.052165289594262164,0.061458060255461605,,,,
1182,0.001,adam,1183,29.66094708442688,0.009287814799542495,0.0,0.040151964063710965,0.04943977886325346,,,,
1183,0.001,adam,1184,29.671034812927246,0.009194313446152512,0.0,0.04054657008332792,0.04974088352948043,,,,
1184,0.001,adam,1185,29.683135509490967,0.009172716585159597,0.0,0.047525290625161344,0.05669800721032094,,,,
1185,0.001,adam,1186,29.699888229370117,0.009239244946242547,0.0,0.04346094103169376,0.05270018597793631,,,,
1186,0.001,adam,1187,29.718714237213135,0.009197654392920022,0.0,0.03553597729166637,0.04473363168458639,,,,
1187,0.001,adam,1188,29.73048424720764,0.009128081426894127,0.0,0.045998806046491245,0.05512688747338537,,,,
1188,0.001,adam,1189,29.742571353912354,0.009238096087828591,0.0,0.052120011012320375,0.06135810710014897,,,,
1189,0.001,adam,1190,29.755434036254883,0.009242870908961602,0.0,0.04058958387595206,0.04983245478491366,,,,
1190,0.001,adam,1191,29.768080234527588,0.009176282871697613,0.0,0.04109446741850873,0.05027075029020634,,,,
1191,0.001,adam,1192,29.78422737121582,0.009255452753152362,0.0,0.05283374242964226,0.062089195182794626,,,,
1192,0.001,adam,1193,29.799394845962524,0.009233120632727292,0.0,0.03727796736091506,0.04651108799364235,,,,
1193,0.001,adam,1194,29.809139013290405,0.009310554879776663,0.0,0.03727332882986688,0.046583883709643545,,,,
1194,0.001,adam,1195,29.82273530960083,0.009282417178421924,0.0,0.04457815662012873,0.05386057379855065,,,,
1195,0.001,adam,1196,29.83263349533081,0.009132905159041376,0.0,0.047273532519140106,0.05640643767818148,,,,
1196,0.001,adam,1197,29.84200620651245,0.009154652989578757,0.0,0.03881653376860424,0.047971186758183,,,,
1197,0.001,adam,1198,29.857324600219727,0.009176645100795683,0.0,0.04409997562706523,0.053276620727860914,,,,
1198,0.001,adam,1199,29.86681818962097,0.00916602776847294,0.0,0.03463094480100155,0.043796972569474485,,,,
1199,0.001,adam,1200,29.877811670303345,0.00919794730999547,0.0,0.03370469783826072,0.042902645148256195,0.015240077127782461,0.0,0.03495042976646244,0.0501905068942449
1200,0.001,adam,1201,29.896541357040405,0.009204849841511192,0.0,0.047329009560005096,0.056533859401516284,,,,
1201,0.001,adam,1202,29.90569043159485,0.009198078812584555,0.0,0.04191808321903055,0.051116162031615106,,,,
1202,0.001,adam,1203,29.918837547302246,0.009249521394760563,0.0,0.03787388461278493,0.04712340600754549,,,,
1203,0.001,adam,1204,29.92915964126587,0.009184134935059107,0.0,0.0312040647651625,0.0403881997002216,,,,
1204,0.001,adam,1205,29.93988347053528,0.009138029490172884,0.0,0.04102654811004791,0.05016457760022079,,,,
1205,0.001,adam,1206,29.949591398239136,0.009155428013099234,0.0,0.04147560599494272,0.05063103400804195,,,,
1206,0.001,adam,1207,29.959396839141846,0.009084499935427622,0.0,0.03704669582867858,0.0461311957641062,,,,
1207,0.001,adam,1208,29.969634532928467,0.00901121453022691,0.0,0.05022642191553071,0.059237636445757615,,,,
1208,0.001,adam,1209,29.98126721382141,0.009121553466902426,0.0,0.03624259877968854,0.04536415224659096,,,,
1209,0.001,adam,1210,29.99094247817993,0.009100336735127317,0.0,0.03374174694672884,0.04284208368185616,,,,
1210,0.001,adam,1211,30.00141215324402,0.009002578968576206,0.0,0.04559370459222748,0.05459628356080369,,,,
1211,0.001,adam,1212,30.0127170085907,0.009057047323173341,0.0,0.03817444765010719,0.04723149497328053,,,,
1212,0.001,adam,1213,30.023716688156128,0.00909638423389914,0.0,0.033961986976493864,0.04305837121039301,,,,
1213,0.001,adam,1214,30.039934158325195,0.00901045287772855,0.0,0.05003664682338058,0.059047099701109135,,,,
1214,0.001,adam,1215,30.05137300491333,0.009065847314868786,0.0,0.03490820310786798,0.04397405042273676,,,,
1215,0.001,adam,1216,30.060824871063232,0.009096600378814374,0.0,0.03315204863231176,0.042248649011126134,,,,
1216,0.001,adam,1217,30.075907945632935,0.009029343053789957,0.0,0.03687839261534957,0.04590773566913953,,,,
1217,0.001,adam,1218,30.088968992233276,0.00903213529341756,0.0,0.0318370286032902,0.04086916389670776,,,,
1218,0.001,adam,1219,30.100181341171265,0.009056742686222434,0.0,0.042899934636755066,0.0519566773229775,,,,
1219,0.001,adam,1220,30.110891103744507,0.009036355102643636,0.0,0.04639534913186538,0.05543170423450902,0.015059782687692211,0.0,0.035789996790086695,0.050849779477778904
1220,0.001,adam,1221,30.13118267059326,0.009114428561425856,0.0,0.031016560888486134,0.04013098944991199,,,,
1221,0.001,adam,1222,30.142235279083252,0.009099495889770524,0.0,0.0358866022729069,0.04498609816267743,,,,
1222,0.001,adam,1223,30.152535438537598,0.009012419305014712,0.0,0.048699152567151585,0.0577115718721663,,,,
1223,0.001,adam,1224,30.16983675956726,0.00901857557275999,0.0,0.04362893722674498,0.05264751279950497,,,,
1224,0.001,adam,1225,30.183547973632812,0.008908987382211355,0.0,0.03221189269932454,0.041120880081535895,,,,
1225,0.001,adam,1226,30.193753957748413,0.008876438840667564,0.0,0.03239720704662654,0.041273645887294104,,,,
1226,0.001,adam,1227,30.204885721206665,0.008942925645476645,0.0,0.04154378096397171,0.05048670660944836,,,,
1227,0.001,adam,1228,30.21508550643921,0.008863505797110153,0.0,0.03350912377089968,0.04237262956800983,,,,
1228,0.001,adam,1229,30.227142810821533,0.008832169293955692,0.0,0.038294888974607824,0.04712705826856352,,,,
1229,0.001,adam,1230,30.24590563774109,0.008874993682803343,0.0,0.03811077487104911,0.04698576855385245,,,,
1230,0.001,adam,1231,30.2565279006958,0.008821102191879605,0.0,0.03388686176567547,0.04270796395755508,,,,
1231,0.001,adam,1232,30.272017240524292,0.008807122688784122,0.0,0.04210158387320927,0.05090870656199339,,,,
1232,0.001,adam,1233,30.281850576400757,0.008933389517195573,0.0,0.048881375321016184,0.057814764838211755,,,,
1233,0.001,adam,1234,30.291057348251343,0.00892691632679621,0.0,0.030060695142750234,0.03898761146954644,,,,
1234,0.001,adam,1235,30.30587863922119,0.008869365781313195,0.0,0.04574936300422756,0.05461872878554075,,,,
1235,0.001,adam,1236,30.31551456451416,0.008769054377264404,0.0,0.058891609091935734,0.06766066346920013,,,,
1236,0.001,adam,1237,30.330876111984253,0.008695404448730758,0.0,0.036035533895813765,0.04473093834454452,,,,
1237,0.001,adam,1238,30.346426010131836,0.008738427433254377,0.0,0.04004605424818367,0.04878448168143805,,,,
1238,0.001,adam,1239,30.358099222183228,0.00880877139553295,0.0,0.04188737068927593,0.05069614208480888,,,,
1239,0.001,adam,1240,30.369570016860962,0.008745866600595667,0.0,0.031546005066600005,0.040291871667195674,0.014907887358719263,0.0,0.04292843444996445,0.05783632180868371
1240,0.001,adam,1241,30.393743753433228,0.008723508034387746,0.0,0.04453462236860808,0.053258130402995825,,,,
1241,0.001,adam,1242,30.405656099319458,0.008780114665872734,0.0,0.032277855421809755,0.041057970087682485,,,,
1242,0.001,adam,1243,30.417802810668945,0.008787824090677408,0.0,0.03800144308701209,0.0467892671776895,,,,
1243,0.001,adam,1244,30.431180477142334,0.008646218560782968,0.0,0.05056981259203125,0.059216031152814215,,,,
1244,0.001,adam,1245,30.441898345947266,0.00872259331205252,0.0,0.04396465055624571,0.052687243868298234,,,,
1245,0.001,adam,1246,30.452021837234497,0.008776403519703253,0.0,0.03176372946417361,0.04054013298387686,,,,
1246,0.001,adam,1247,30.462729692459106,0.008779192293315823,0.0,0.0590652423365291,0.06784443462984492,,,,
1247,0.001,adam,1248,30.472810983657837,0.008722041070390374,0.0,0.040357333903219286,0.04907937497360966,,,,
1248,0.001,adam,1249,30.482614994049072,0.008644609754899408,0.0,0.04211583366390974,0.05076044341880914,,,,
1249,0.001,adam,1250,30.496052742004395,0.008744800786360007,0.0,0.03640350116917771,0.04514830195553772,,,,
1250,0.001,adam,1251,30.507128715515137,0.008925120957566913,0.0,0.039954062768851425,0.048879183726418335,,,,
1251,0.001,adam,1252,30.5174400806427,0.008815140081332416,0.0,0.0330737203453624,0.04188886042669482,,,,
1252,0.001,adam,1253,30.527586936950684,0.008583973752142595,0.0,0.05285776501132219,0.06144173876346478,,,,
1253,0.001,adam,1254,30.541102647781372,0.008559265452107329,0.0,0.044625224612281175,0.0531844900643885,,,,
1254,0.001,adam,1255,30.552318334579468,0.008563064716417351,0.0,0.03398219494716993,0.042545259663587284,,,,
1255,0.001,adam,1256,30.56444549560547,0.008591586744148073,0.0,0.03812932769666925,0.04672091444081732,,,,
1256,0.001,adam,1257,30.578118562698364,0.008616965393523959,0.0,0.041372570059129775,0.049989535452653736,,,,
1257,0.001,adam,1258,30.5880229473114,0.008650638086464294,0.0,0.03245252941649912,0.04110316750296342,,,,
1258,0.001,adam,1259,30.597803592681885,0.008674531134567424,0.0,0.03197685275727484,0.040651383891842266,,,,
1259,0.001,adam,1260,30.60857892036438,0.008701903637866475,0.0,0.03706526298746905,0.04576716662533553,0.014920861739717668,0.0,0.033690121844596625,0.048610983584314295
1260,0.001,adam,1261,30.630229473114014,0.00861558331055918,0.0,0.03534978746920288,0.04396537077976206,,,,
1261,0.001,adam,1262,30.64948868751526,0.008556690823815721,0.0,0.0336668195360554,0.042223510359871125,,,,
1262,0.001,adam,1263,30.659718990325928,0.008605702600988748,0.0,0.041881186791237826,0.05048688939222658,,,,
1263,0.001,adam,1264,30.672397136688232,0.008699114069112142,0.0,0.03972577070290772,0.04842488477201986,,,,
1264,0.001,adam,1265,30.687140464782715,0.008557282893858651,0.0,0.031294252553122605,0.03985153544698126,,,,
1265,0.001,adam,1266,30.702421188354492,0.00849157771568198,0.0,0.03680550749137305,0.04529708520705503,,,,
1266,0.001,adam,1267,30.71533226966858,0.008575023306412969,0.0,0.03914511141366005,0.04772013472007301,,,,
1267,0.001,adam,1268,30.72512698173523,0.008560213611992811,0.0,0.043072130211285906,0.05163234382327872,,,,
1268,0.001,adam,1269,30.735130310058594,0.008510040640297657,0.0,0.03475700468681352,0.043267045327111175,,,,
1269,0.001,adam,1270,30.751564741134644,0.00852052363825559,0.0,0.03287100172683098,0.04139152536508657,,,,
1270,0.001,adam,1271,30.766258239746094,0.00857888884812348,0.0,0.03404369359957003,0.04262258244769351,,,,
1271,0.001,adam,1272,30.776150465011597,0.008587538646156283,0.0,0.03940613152339194,0.047993670169548225,,,,
1272,0.001,adam,1273,30.790647506713867,0.008482649291683304,0.0,0.033570137366874885,0.04205278665855819,,,,
1273,0.001,adam,1274,30.80104422569275,0.008414000191760081,0.0,0.04545354049601546,0.053867540687775536,,,,
1274,0.001,adam,1275,30.81079912185669,0.008478251645666447,0.0,0.03090628441379718,0.039384536059463626,,,,
1275,0.001,adam,1276,30.820292472839355,0.008580812464780053,0.0,0.03601763191145287,0.04459844437623293,,,,
1276,0.001,adam,1277,30.836094856262207,0.008487525888296328,0.0,0.034464194165471605,0.04295172005376793,,,,
1277,0.001,adam,1278,30.84903383255005,0.008454722091895149,0.0,0.03339953012133039,0.041854252213225536,,,,
1278,0.001,adam,1279,30.85896348953247,0.00850940416899843,0.0,0.029418496577139124,0.037927900746137555,,,,
1279,0.001,adam,1280,30.8684401512146,0.008476722648167507,0.0,0.031987663103537275,0.04046438575170478,0.014585902768643584,0.0,0.029662794722636783,0.04424869749128037
1280,0.001,adam,1281,30.896909713745117,0.008404619945097317,0.0,0.028739564847575273,0.03714418479267259,,,,
1281,0.001,adam,1282,30.90688133239746,0.008369532619139175,0.0,0.03483165333728328,0.04320118595642246,,,,
1282,0.001,adam,1283,30.92486810684204,0.008344560013746675,0.0,0.027805732393619886,0.03615029240736656,,,,
1283,0.001,adam,1284,30.945646286010742,0.008404930873945171,0.0,0.04377587190189799,0.05218080277584316,,,,
1284,0.001,adam,1285,30.95549201965332,0.008359376019719783,0.0,0.03524926611279176,0.043608642132511546,,,,
1285,0.001,adam,1286,30.96925926208496,0.008269973333271426,0.0,0.03520246307969204,0.043472436412963465,,,,
1286,0.001,adam,1287,31.00734519958496,0.008330564643387233,0.0,0.03425034489120675,0.04258090953459398,,,,
1287,0.001,adam,1288,31.021792888641357,0.00852501985057813,0.0,0.0510143102230118,0.05953933007358993,,,,
1288,0.001,adam,1289,31.036550521850586,0.008353373399080294,0.0,0.03628395279277401,0.0446373261918543,,,,
1289,0.001,adam,1290,31.047691106796265,0.00832827044814526,0.0,0.03109800947940521,0.03942627992755047,,,,
1290,0.001,adam,1291,31.060193300247192,0.008390896436168912,0.0,0.04177725732742072,0.05016815376358963,,,,
1291,0.001,adam,1292,31.079139709472656,0.008321432133664259,0.0,0.041258682886345446,0.0495801150200097,,,,
1292,0.001,adam,1293,31.09001874923706,0.0082660929351844,0.0,0.02896823342481163,0.03723432635999603,,,,
1293,0.001,adam,1294,31.103033781051636,0.008245795540327623,0.0,0.03884693516282804,0.047092730703155665,,,,
1294,0.001,adam,1295,31.113835096359253,0.008245104439513942,0.0,0.0289984122829265,0.037243516722440445,,,,
1295,0.001,adam,1296,31.123947143554688,0.008272350924362975,0.0,0.03481916385192907,0.04309151477629204,,,,
1296,0.001,adam,1297,31.144010305404663,0.008182642835169295,0.0,0.03754604243525787,0.04572868527042717,,,,
1297,0.001,adam,1298,31.154135942459106,0.008134631501069326,0.0,0.038573370864267466,0.046708002365336794,,,,
1298,0.001,adam,1299,31.16554093360901,0.008237348549370952,0.0,0.028999775777165292,0.037237124326536246,,,,
1299,0.001,adam,1300,31.1811466217041,0.008288490475499564,0.0,0.036551934106529245,0.04484042458202881,0.01439745183067789,0.0,0.030184806794523785,0.044582258625201675
1300,0.001,adam,1301,31.202042818069458,0.008242958764207397,0.0,0.027930356874248986,0.03617331563845638,,,,
1301,0.001,adam,1302,31.211931943893433,0.008220900636703134,0.0,0.029848266525513034,0.03806916716221617,,,,
1302,0.001,adam,1303,31.22285485267639,0.008220495031185101,0.0,0.026386889877032704,0.034607384908217804,,,,
1303,0.001,adam,1304,31.234500646591187,0.00822070732470646,0.0,0.03585974247221645,0.04408044979692291,,,,
1304,0.001,adam,1305,31.244348287582397,0.008201038567579883,0.0,0.02865706810195076,0.03685810666953064,,,,
1305,0.001,adam,1306,31.253841876983643,0.008209273926895185,0.0,0.03422847351926907,0.042437747446164256,,,,
1306,0.001,adam,1307,31.263257265090942,0.008267688420682482,0.0,0.034930256172530844,0.04319794459321333,,,,
1307,0.001,adam,1308,31.27243709564209,0.008336334970410227,0.0,0.13096876591787093,0.13930510088828116,,,,
1308,0.001,adam,1309,31.282758235931396,0.008231888041111192,0.0,0.03260298795646235,0.04083487599757354,,,,
1309,0.001,adam,1310,31.297420978546143,0.008195479633531184,0.0,0.03510221154319239,0.04329769117672357,,,,
1310,0.001,adam,1311,31.30969738960266,0.008242184482567794,0.0,0.02908337825390106,0.03732556273646885,,,,
1311,0.001,adam,1312,31.319715976715088,0.008236137719736395,0.0,0.03211777714665929,0.04035391486639568,,,,
1312,0.001,adam,1313,31.332985639572144,0.008189124563750625,0.0,0.03126039938868412,0.03944952395243474,,,,
1313,0.001,adam,1314,31.342365264892578,0.008115066087350796,0.0,0.029838479977554185,0.03795354606490498,,,,
1314,0.001,adam,1315,31.3521990776062,0.008044344682450355,0.0,0.030242075715914175,0.03828642039836453,,,,
1315,0.001,adam,1316,31.36168670654297,0.008038384832761434,0.0,0.03776393955463367,0.0458023243873951,,,,
1316,0.001,adam,1317,31.371219158172607,0.00802120525533676,0.0,0.032110674752353505,0.04013188000769027,,,,
1317,0.001,adam,1318,31.383748769760132,0.008036365427024066,0.0,0.029456585431668857,0.03749295085869292,,,,
1318,0.001,adam,1319,31.39434266090393,0.008095637318525604,0.0,0.02674438994314591,0.03484002726167151,,,,
1319,0.001,adam,1320,31.40386724472046,0.008158701179463086,0.0,0.030968770700657105,0.03912747188012019,0.014341081598529645,0.0,0.03413191362281411,0.048472995221343754
1320,0.001,adam,1321,31.42261266708374,0.008074659224184686,0.0,0.033642486491528116,0.041717145715712806,,,,
1321,0.001,adam,1322,31.434184551239014,0.008031511537539176,0.0,0.03042327472357037,0.03845478626110955,,,,
1322,0.001,adam,1323,31.44439172744751,0.008054977643212889,0.0,0.033106456749063116,0.04116143439227601,,,,
1323,0.001,adam,1324,31.454344987869263,0.008049685559791889,0.0,0.030611893534213962,0.03866157909400585,,,,
1324,0.001,adam,1325,31.473405361175537,0.008079164229940554,0.0,0.03582258079132118,0.043901745021261734,,,,
1325,0.001,adam,1326,31.484522342681885,0.008079875649275101,0.0,0.029655750663155244,0.03773562631243035,,,,
1326,0.001,adam,1327,31.497323989868164,0.008036293148453302,0.0,0.031698983830022016,0.039735276978475315,,,,
1327,0.001,adam,1328,31.50652313232422,0.0080455135779551,0.0,0.03165230081916877,0.039697814397123866,,,,
1328,0.001,adam,1329,31.516761779785156,0.008102460023154432,0.0,0.04218073989157571,0.05028319991473014,,,,
1329,0.001,adam,1330,31.53247356414795,0.008037901480321234,0.0,0.0332624758776682,0.041300377357989436,,,,
1330,0.001,adam,1331,31.54394006729126,0.008064472989449869,0.0,0.027220165231696104,0.03528463822114597,,,,
1331,0.001,adam,1332,31.557176113128662,0.008073665927517844,0.0,0.037086266496715356,0.045159932424233204,,,,
1332,0.001,adam,1333,31.57162380218506,0.008002934326853943,0.0,0.03884216806782206,0.046845102394676,,,,
1333,0.001,adam,1334,31.590978384017944,0.008031427683878427,0.0,0.02680304018514872,0.03483446786902715,,,,
1334,0.001,adam,1335,31.60328722000122,0.008054355657987174,0.0,0.036947866751826444,0.04500222240981362,,,,
1335,0.001,adam,1336,31.614004850387573,0.007963135722145593,0.0,0.03595204953940659,0.04391518526155218,,,,
1336,0.001,adam,1337,31.626404762268066,0.007977563228791576,0.0,0.03200066489248656,0.03997822812127814,,,,
1337,0.001,adam,1338,31.63587260246277,0.008059333803285497,0.0,0.03333735906070653,0.04139669286399202,,,,
1338,0.001,adam,1339,31.646249532699585,0.00802265680476424,0.0,0.03885266627267051,0.04687532307743475,,,,
1339,0.001,adam,1340,31.655802965164185,0.008043992694631555,0.0,0.04614646509022037,0.054190457784851924,0.014222480776373775,0.0,0.031233100956041152,0.04545558173241493
1340,0.001,adam,1341,31.67898154258728,0.007970255578715968,0.0,0.030282767284545466,0.03825302286326143,,,,
1341,0.001,adam,1342,31.69182300567627,0.00795737630840416,0.0,0.039786974106906625,0.047744350415310784,,,,
1342,0.001,adam,1343,31.702085733413696,0.008019255262179878,0.0,0.03537773932912819,0.043396994591308066,,,,
1343,0.001,adam,1344,31.71395778656006,0.00790468327518062,0.0,0.029144123830825173,0.03704880710600579,,,,
1344,0.001,adam,1345,31.72565484046936,0.007893879664787731,0.0,0.03183211305642179,0.039725992721209524,,,,
1345,0.001,adam,1346,31.739022254943848,0.008003070314166055,0.0,0.036791913440572845,0.0447949837547389,,,,
1346,0.001,adam,1347,31.754981517791748,0.008001491350224144,0.0,0.030989674211540974,0.038991165561765115,,,,
1347,0.001,adam,1348,31.764371156692505,0.007928987196892662,0.0,0.03118390309889175,0.039112890295784415,,,,
1348,0.001,adam,1349,31.77488422393799,0.007957531222010936,0.0,0.039941948418576644,0.04789947964058758,,,,
1349,0.001,adam,1350,31.791466236114502,0.007885821417644736,0.0,0.030275983879018385,0.03816180529666312,,,,
1350,0.001,adam,1351,31.804062604904175,0.007931488810293562,0.0,0.029123759912334186,0.03705524872262775,,,,
1351,0.001,adam,1352,31.814647436141968,0.007945984668141937,0.0,0.03569924302852743,0.04364522769666937,,,,
1352,0.001,adam,1353,31.826847791671753,0.0078343839271685,0.0,0.035694353167649906,0.04352873709481841,,,,
1353,0.001,adam,1354,31.837120532989502,0.00782803393237906,0.0,0.042504083639114974,0.050332117571494035,,,,
1354,0.001,adam,1355,31.8466055393219,0.007812553921975508,0.0,0.024935597335419245,0.032748151257394754,,,,
1355,0.001,adam,1356,31.856932640075684,0.007760383542728642,0.0,0.026225857320786604,0.033986240863515246,,,,
1356,0.001,adam,1357,31.87557625770569,0.007756611548502735,0.0,0.03810881136093815,0.04586542290944088,,,,
1357,0.001,adam,1358,31.902385473251343,0.007756359526532793,0.0,0.02743239733189624,0.03518875685842903,,,,
1358,0.001,adam,1359,31.911645889282227,0.00772506460072757,0.0,0.02790479337027916,0.03562985797100673,,,,
1359,0.001,adam,1360,31.92362928390503,0.0077189036622236275,0.0,0.02741093693658807,0.0351298405988117,0.014207317241754242,0.0,0.02648306013441568,0.04069037737616992
1360,0.001,adam,1361,31.947357654571533,0.007702789352478975,0.0,0.04155225076834031,0.049255040120819285,,,,
1361,0.001,adam,1362,31.956932544708252,0.007733286086170965,0.0,0.028155459898148792,0.03588874598431976,,,,
1362,0.001,adam,1363,31.96688175201416,0.007746232907974578,0.0,0.038629059012422765,0.04637529192039734,,,,
1363,0.001,adam,1364,31.97724485397339,0.007739236188642078,0.0,0.027971388337194196,0.035710624525836274,,,,
1364,0.001,adam,1365,32.00178408622742,0.007731860702418905,0.0,0.025235979173062383,0.03296783987548129,,,,
1365,0.001,adam,1366,32.01460242271423,0.007747786510291506,0.0,0.03296129113747561,0.040709077647767114,,,,
1366,0.001,adam,1367,32.02522134780884,0.007723760842967997,0.0,0.029886360383008025,0.037610121225976026,,,,
1367,0.001,adam,1368,32.03512096405029,0.007703931334992387,0.0,0.030169827958411926,0.037873759293404315,,,,
1368,0.001,adam,1369,32.04782319068909,0.007723542951838951,0.0,0.027526309094483937,0.03524985204632289,,,,
1369,0.001,adam,1370,32.06244993209839,0.007779990546704756,0.0,0.027085840591986314,0.03486583113869107,,,,
1370,0.001,adam,1371,32.08988642692566,0.0077543111058861365,0.0,0.025871786022375352,0.03362609712826149,,,,
1371,0.001,adam,1372,32.10036516189575,0.007717101901814623,0.0,0.037838567539126976,0.045555669440941596,,,,
1372,0.001,adam,1373,32.127638816833496,0.007782666843852614,0.0,0.025826034555681228,0.03360870139953384,,,,
1373,0.001,adam,1374,32.1449031829834,0.007810501432153922,0.0,0.034423504039158344,0.042234005471312265,,,,
1374,0.001,adam,1375,32.165955543518066,0.007797660355063646,0.0,0.026533150713638716,0.03433081106870236,,,,
1375,0.001,adam,1376,32.17608618736267,0.00780770085800915,0.0,0.03255890069845907,0.04036660155646822,,,,
1376,0.001,adam,1377,32.18531775474548,0.007814191782151493,0.0,0.026423277813680136,0.03423746959583163,,,,
1377,0.001,adam,1378,32.20240378379822,0.007883703022675617,0.0,0.0353678384567195,0.04325154147939512,,,,
1378,0.001,adam,1379,32.21258759498596,0.00774915204433621,0.0,0.02935230153989052,0.03710145358422673,,,,
1379,0.001,adam,1380,32.22432565689087,0.0077114899243213774,0.0,0.031132619899627983,0.03884410982394936,0.014230054337322008,0.0,0.026843787851892863,0.04107384218921487
1380,0.001,adam,1381,32.24644494056702,0.00768420170650416,0.0,0.02860798621874755,0.03629218792525171,,,,
1381,0.001,adam,1382,32.274044036865234,0.007753988682864156,0.0,0.029467632547962048,0.0372216212308262,,,,
1382,0.001,adam,1383,32.283366203308105,0.007660510552506952,0.0,0.030352437940063325,0.03801294849257028,,,,
1383,0.001,adam,1384,32.29304337501526,0.0075716734763162825,0.0,0.03337985931283528,0.04095153278915156,,,,
1384,0.001,adam,1385,32.305336236953735,0.007551195588722665,0.0,0.02945521096647955,0.037006406555202216,,,,
1385,0.001,adam,1386,32.31583094596863,0.007546859729675494,0.0,0.029805333987332473,0.037352193717007966,,,,
1386,0.001,adam,1387,32.33259344100952,0.007547508777373726,0.0,0.03177147819272001,0.03931898697009374,,,,
1387,0.001,adam,1388,32.34253287315369,0.00751054886737354,0.0,0.034258302888677726,0.041768851756051266,,,,
1388,0.001,adam,1389,32.35201454162598,0.007549260231752145,0.0,0.026610153100526845,0.03415941333227899,,,,
1389,0.001,adam,1390,32.36710786819458,0.007605509823175224,0.0,0.0307254895577167,0.03833099938089193,,,,
1390,0.001,adam,1391,32.3941011428833,0.007623361964115817,0.0,0.027088118313029357,0.03471148027714517,,,,
1391,0.001,adam,1392,32.405301094055176,0.007623812950134912,0.0,0.04442580949151397,0.05204962244164889,,,,
1392,0.001,adam,1393,32.4152045249939,0.007641479815213095,0.0,0.026498460279039626,0.034139940094252724,,,,
1393,0.001,adam,1394,32.4291307926178,0.007618992990101578,0.0,0.02902309308317847,0.036642086073280046,,,,
1394,0.001,adam,1395,32.439759969711304,0.007596447158425757,0.0,0.025280075682197138,0.032876522840622896,,,,
1395,0.001,adam,1396,32.44879627227783,0.007568194181513446,0.0,0.03299489213494555,0.040563086316458996,,,,
1396,0.001,adam,1397,32.46558380126953,0.00749042488034992,0.0,0.029697579763927756,0.03718800464427768,,,,
1397,0.001,adam,1398,32.47696018218994,0.007503223974877381,0.0,0.03124728904737949,0.03875051302225687,,,,
1398,0.001,adam,1399,32.489089250564575,0.007513594944330895,0.0,0.02635223340186415,0.033865828346195045,,,,
1399,0.001,adam,1400,32.499183893203735,0.007462997848900691,0.0,0.02653082408849309,0.03399382193739378,0.014097474475382222,0.0,0.028948646816006295,0.04304612129138852
1400,0.001,adam,1401,32.52045726776123,0.007478009265802401,0.0,0.034663085535943196,0.0421410948017456,,,,
1401,0.001,adam,1402,32.53020143508911,0.00750138124970524,0.0,0.022289452038515834,0.029790833288221075,,,,
1402,0.001,adam,1403,32.54047679901123,0.007542265168484391,0.0,0.02693061922334309,0.03447288439182748,,,,
1403,0.001,adam,1404,32.5502815246582,0.0075451914345113094,0.0,0.03451028081330946,0.04205547224782077,,,,
1404,0.001,adam,1405,32.5621178150177,0.007457412606184729,0.0,0.033633650646773997,0.04109106325295873,,,,
1405,0.001,adam,1406,32.57399868965149,0.007443814009234371,0.0,0.023384562661498937,0.030828376670733307,,,,
1406,0.001,adam,1407,32.58470797538757,0.007459202886076479,0.0,0.02949494672299837,0.03695414960907485,,,,
1407,0.001,adam,1408,32.59485936164856,0.007397871839468463,0.0,0.026944268148417088,0.03434213998788555,,,,
1408,0.001,adam,1409,32.6059935092926,0.007408032879695502,0.0,0.02805881425478508,0.03546684713448058,,,,
1409,0.001,adam,1410,32.61493492126465,0.0074044802711615496,0.0,0.023201476401938148,0.030605956673099698,,,,
1410,0.001,adam,1411,32.62521004676819,0.0073860415700287285,0.0,0.030999528949052807,0.038385570519081536,,,,
1411,0.001,adam,1412,32.63475728034973,0.0073507820178784124,0.0,0.03640977107987631,0.04376055309775472,,,,
1412,0.001,adam,1413,32.65215587615967,0.007323035971668373,0.0,0.037983867115663414,0.04530690308733179,,,,
1413,0.001,adam,1414,32.66425275802612,0.0073529807162219015,0.0,0.02370267214179161,0.03105565285801351,,,,
1414,0.001,adam,1415,32.67773485183716,0.007332098119198568,0.0,0.024108841670520142,0.03144093978971871,,,,
1415,0.001,adam,1416,32.68915605545044,0.007232106352921234,0.0,0.030956063534511406,0.03818816988743264,,,,
1416,0.001,adam,1417,32.700002670288086,0.007248593219735027,0.0,0.027569490347243965,0.03481808356697899,,,,
1417,0.001,adam,1418,32.70974159240723,0.007240200457837899,0.0,0.030649496865177695,0.03788969732301559,,,,
1418,0.001,adam,1419,32.72037744522095,0.007286043790039032,0.0,0.03081796141664267,0.0381040052066817,,,,
1419,0.001,adam,1420,32.73715901374817,0.007336388285907909,0.0,0.031991189062646606,0.039327577348554514,0.013913070781003359,0.0,0.027497334860659976,0.04141040564166333
1420,0.001,adam,1421,32.75542187690735,0.007362540593240835,0.0,0.025520778662681477,0.03288331925592231,,,,
1421,0.001,adam,1422,32.77006196975708,0.00730788474003224,0.0,0.029606988385610756,0.036914873125643,,,,
1422,0.001,adam,1423,32.780664682388306,0.0072557292534820945,0.0,0.03424913374594,0.04150486299942209,,,,
1423,0.001,adam,1424,32.7899808883667,0.007297838297037102,0.0,0.027400652672367205,0.034698490969404305,,,,
1424,0.001,adam,1425,32.801310777664185,0.0072961427129755755,0.0,0.022885207948282783,0.03018135066125836,,,,
1425,0.001,adam,1426,32.82084918022156,0.007258638401596357,0.0,0.02630536193011182,0.03356400033170818,,,,
1426,0.001,adam,1427,32.836708545684814,0.0072515524111099305,0.0,0.023192296182187544,0.030443848593297476,,,,
1427,0.001,adam,1428,32.85329008102417,0.007227685145430881,0.0,0.029834416930021323,0.037062102075452207,,,,
1428,0.001,adam,1429,32.863967180252075,0.007176259267010685,0.0,0.027008957970829427,0.03418521723784011,,,,
1429,0.001,adam,1430,32.875574350357056,0.0072210491182157725,0.0,0.03348436536085732,0.04070541447907309,,,,
1430,0.001,adam,1431,32.886784076690674,0.007161137787701384,0.0,0.038857779055993656,0.04601891684369504,,,,
1431,0.001,adam,1432,32.898258686065674,0.007253477906797908,0.0,0.034220206709575554,0.04147368461637346,,,,
1432,0.001,adam,1433,32.91752028465271,0.007219730852902767,0.0,0.023471223291394387,0.030690954144297154,,,,
1433,0.001,adam,1434,32.92792844772339,0.007127283781054408,0.0,0.03673670810744721,0.04386399188850162,,,,
1434,0.001,adam,1435,32.93813920021057,0.007199046755861165,0.0,0.03902332472389447,0.046222371479755636,,,,
1435,0.001,adam,1436,32.95940041542053,0.007184471053704284,0.0,0.027426161146901867,0.03461063220060615,,,,
1436,0.001,adam,1437,32.968868017196655,0.007196418566809081,0.0,0.0428183526695177,0.050014771236326784,,,,
1437,0.001,adam,1438,32.98099446296692,0.007170089732269752,0.0,0.025633830525110878,0.03280392025738063,,,,
1438,0.001,adam,1439,32.991004943847656,0.007120206941983459,0.0,0.034046498688822424,0.041166705630805885,,,,
1439,0.001,adam,1440,33.00355815887451,0.007188420700592362,0.0,0.027563599439340846,0.034752020139933205,0.013789857881539217,0.0,0.028013476390997015,0.041803334272536234
1440,0.001,adam,1441,33.02859568595886,0.007178084124291385,0.0,0.03202312485623016,0.03920120898052155,,,,
1441,0.001,adam,1442,33.038673639297485,0.007090905499774726,0.0,0.03686349631298673,0.04395440181276145,,,,
1442,0.001,adam,1443,33.04825520515442,0.007138722991298688,0.0,0.04518155664932727,0.05232027964062596,,,,
1443,0.001,adam,1444,33.05822944641113,0.007102876318035042,0.0,0.04004060881412724,0.04714348513216229,,,,
1444,0.001,adam,1445,33.06823468208313,0.007148673159981118,0.0,0.04124100135559035,0.04838967451557147,,,,
1445,0.001,adam,1446,33.079771757125854,0.007043157026344933,0.0,0.02988643581047945,0.036929592836824385,,,,
1446,0.001,adam,1447,33.09160757064819,0.007064733552490539,0.0,0.027748218624952786,0.034812952177443325,,,,
1447,0.001,adam,1448,33.10223650932312,0.007166064401403535,0.0,0.029160070161486563,0.0363261345628901,,,,
1448,0.001,adam,1449,33.11364436149597,0.007186694865312615,0.0,0.03205109281532903,0.03923778768064164,,,,
1449,0.001,adam,1450,33.130258321762085,0.007168404332768918,0.0,0.030742672201439884,0.037911076534208804,,,,
1450,0.001,adam,1451,33.140971660614014,0.007140432528711989,0.0,0.03647013416026767,0.043610566688979654,,,,
1451,0.001,adam,1452,33.155505418777466,0.007083684559814934,0.0,0.03225468823154457,0.0393383727913595,,,,
1452,0.001,adam,1453,33.174195766448975,0.007126140630309596,0.0,0.032963141162921025,0.040089281793230624,,,,
1453,0.001,adam,1454,33.18576622009277,0.007012232695871722,0.0,0.028853570414745545,0.03586580311061727,,,,
1454,0.001,adam,1455,33.19710040092468,0.006978797356657377,0.0,0.0406229650119121,0.04760176236856948,,,,
1455,0.001,adam,1456,33.20693397521973,0.0070130329119212995,0.0,0.022238407971183285,0.029251440883104586,,,,
1456,0.001,adam,1457,33.216986656188965,0.007061238819197891,0.0,0.03235057052908894,0.039411809348286836,,,,
1457,0.001,adam,1458,33.23071026802063,0.007009853882613655,0.0,0.027819621768497522,0.03482947565111118,,,,
1458,0.001,adam,1459,33.24189567565918,0.006996040841978192,0.0,0.032826402306929695,0.039822443148907885,,,,
1459,0.001,adam,1460,33.25475764274597,0.007048880745917802,0.0,0.025921617675635396,0.032970498421553196,0.013884240269311352,0.0,0.02657573575515688,0.040459976024468235
1460,0.001,adam,1461,33.27960014343262,0.007043018252705354,0.0,0.028072283082971473,0.03511530133567683,,,,
1461,0.001,adam,1462,33.2962064743042,0.007027602182660003,0.0,0.024549179057207254,0.031576781239867256,,,,
1462,0.001,adam,1463,33.31417465209961,0.007036800854232491,0.0,0.020639705674306938,0.02767650652853943,,,,
1463,0.001,adam,1464,33.3265643119812,0.007064754108628349,0.0,0.03104570067947443,0.03811045478810278,,,,
1464,0.001,adam,1465,33.33606266975403,0.0070292790387125395,0.0,0.030017612764375395,0.037046891803087935,,,,
1465,0.001,adam,1466,33.34737586975098,0.007022440795588543,0.0,0.2347677554717733,0.24179019626736184,,,,
1466,0.001,adam,1467,33.36324620246887,0.007019388872158826,0.0,0.0224370464406367,0.029456435312795525,,,,
1467,0.001,adam,1468,33.37791395187378,0.00702259759515475,0.0,0.020820308445295414,0.027842906040450165,,,,
1468,0.001,adam,1469,33.38830256462097,0.007021994466152166,0.0,0.023449541951686435,0.0304715364178386,,,,
1469,0.001,adam,1470,33.398792028427124,0.006992242431465424,0.0,0.024383346327273053,0.03137558875873848,,,,
1470,0.001,adam,1471,33.40896010398865,0.006990877373885738,0.0,0.032209071037049335,0.039199948410935076,,,,
1471,0.001,adam,1472,33.41904354095459,0.00694705839721332,0.0,0.021848787268078058,0.028795845665291378,,,,
1472,0.001,adam,1473,33.43043780326843,0.0069350600531567965,0.0,0.019998414349258732,0.02693347440241553,,,,
1473,0.001,adam,1474,33.44118356704712,0.006951887855970219,0.0,0.024285385505376348,0.031237273361346567,,,,
1474,0.001,adam,1475,33.456411361694336,0.006905021526198032,0.0,0.035674648430273584,0.04257966995647162,,,,
1475,0.001,adam,1476,33.46856379508972,0.0068979426865905975,0.0,0.0270088313819546,0.0339067740685452,,,,
1476,0.001,adam,1477,33.47893691062927,0.006925522539378017,0.0,0.023751527212982855,0.030677049752360873,,,,
1477,0.001,adam,1478,33.49245548248291,0.00688713047017956,0.0,0.019958431629630048,0.02684556209980961,,,,
1478,0.001,adam,1479,33.50490188598633,0.00683905975354367,0.0,0.027635963399708956,0.034475023153252626,,,,
1479,0.001,adam,1480,33.515037298202515,0.00682980609628523,0.0,0.025814298594482938,0.032644104690768165,0.013735027806428497,0.0,0.024333083010929825,0.03806811081735832
1480,0.001,adam,1481,33.550047397613525,0.006809572897890136,0.0,0.02739754425683407,0.03420711715472421,,,,
1481,0.001,adam,1482,33.55954575538635,0.0068357916353010304,0.0,0.02183375370777509,0.02866954534307612,,,,
1482,0.001,adam,1483,33.570672035217285,0.00680958775934145,0.0,0.02206241907196223,0.02887200683130368,,,,
1483,0.001,adam,1484,33.58927011489868,0.0067646461931250255,0.0,0.031167078443678404,0.03793172463680343,,,,
1484,0.001,adam,1485,33.60021662712097,0.006811726499410135,0.0,0.039695059482901376,0.04650678598231151,,,,
1485,0.001,adam,1486,33.61224818229675,0.006763223671568469,0.0,0.048243585975012146,0.05500680964658061,,,,
1486,0.001,adam,1487,33.63163709640503,0.006770635856970469,0.0,0.0373626941844513,0.044133330041421774,,,,
1487,0.001,adam,1488,33.64830994606018,0.006716942978366795,0.0,0.022012549861890482,0.028729492840257276,,,,
1488,0.001,adam,1489,33.66749691963196,0.006721578246013047,0.0,0.028686432884832073,0.03540801113084512,,,,
1489,0.001,adam,1490,33.678982973098755,0.00676570281460644,0.0,0.03675594519674502,0.04352164801135146,,,,
1490,0.001,adam,1491,33.69327926635742,0.006705328947459966,0.0,0.04764464401892686,0.05434997296638683,,,,
1491,0.001,adam,1492,33.70255208015442,0.006805601254586285,0.0,0.03504397887342238,0.041849580128008664,,,,
1492,0.001,adam,1493,33.71306872367859,0.006799703242128365,0.0,0.0250562529801329,0.03185595622226126,,,,
1493,0.001,adam,1494,33.72479295730591,0.0067885466406486066,0.0,0.03137747623146629,0.0381660228721149,,,,
1494,0.001,adam,1495,33.734898805618286,0.006805397707360732,0.0,0.04274790592318103,0.04955330363054176,,,,
1495,0.001,adam,1496,33.744781494140625,0.006722085067322861,0.0,0.0377924081498357,0.04451449321715856,,,,
1496,0.001,adam,1497,33.75605225563049,0.006759217674782823,0.0,0.025275139212435682,0.03203435688721851,,,,
1497,0.001,adam,1498,33.768556118011475,0.006766314784804856,0.0,0.023457285521602693,0.03022360030640755,,,,
1498,0.001,adam,1499,33.78833270072937,0.006726739703795256,0.0,0.02976690837466204,0.03649364807845729,,,,
1499,0.001,adam,1500,33.804412603378296,0.006724474448156381,0.0,0.027993036229078318,0.0347175106772347,0.013598145825093968,0.0,0.02214332307126322,0.03574146889635719
1500,0.001,adam,1501,33.83592200279236,0.0066598450183545385,0.0,0.02181306576619581,0.02847291078455035,,,,
1501,0.001,adam,1502,33.846524477005005,0.006638512225262797,0.0,0.029366424375315746,0.036004936600578547,,,,
1502,0.001,adam,1503,33.86057806015015,0.006723139718567997,0.0,0.032649195760318425,0.039372335478886425,,,,
1503,0.001,adam,1504,33.87108135223389,0.00667140765279021,0.0,0.02682155225101206,0.03349295990380227,,,,
1504,0.001,adam,1505,33.88088512420654,0.006656812910553217,0.0,0.032306144278244915,0.03896295718879813,,,,
1505,0.001,adam,1506,33.89377427101135,0.0066743279055453625,0.0,0.027324992182294096,0.03399932008783946,,,,
1506,0.001,adam,1507,33.90405511856079,0.006679296956992651,0.0,0.01865506118427259,0.025334358141265244,,,,
1507,0.001,adam,1508,33.91436266899109,0.006694107434463734,0.0,0.03354514726934753,0.04023925470381126,,,,
1508,0.001,adam,1509,33.924004793167114,0.00667680763190613,0.0,0.026376927067314527,0.033053734699220655,,,,
1509,0.001,adam,1510,33.93359088897705,0.006663213218023578,0.0,0.022285126532918607,0.028948339750942187,,,,
1510,0.001,adam,1511,33.942821741104126,0.006686606939259105,0.0,0.025338752991465784,0.03202535993072489,,,,
1511,0.001,adam,1512,33.96077370643616,0.006686853470000788,0.0,0.02622063880357406,0.03290749227357485,,,,
1512,0.001,adam,1513,33.97451829910278,0.006737660269137892,0.0,0.025027660503942457,0.03176532077308035,,,,
1513,0.001,adam,1514,33.984235525131226,0.006712525288128197,0.0,0.019367321300828293,0.02607984658895649,,,,
1514,0.001,adam,1515,34.0053071975708,0.006687870619831188,0.0,0.022412806153480166,0.029100676773311355,,,,
1515,0.001,adam,1516,34.01486349105835,0.0067067123718672645,0.0,0.030398058319653604,0.03710477069152087,,,,
1516,0.001,adam,1517,34.025951862335205,0.006657430525661971,0.0,0.04456007432412906,0.05121750484979103,,,,
1517,0.001,adam,1518,34.036582469940186,0.006681460982602543,0.0,0.03117412321894707,0.037855584201549615,,,,
1518,0.001,adam,1519,34.04649209976196,0.006596625937669947,0.0,0.024283617501358795,0.030880243439028742,,,,
1519,0.001,adam,1520,34.05743598937988,0.0065885172160740045,0.0,0.026122483876353707,0.03271100109242771,0.013305162974057672,0.0,0.025437022558412316,0.03874218553246999
1520,0.001,adam,1521,34.085514545440674,0.006611992186534703,0.0,0.02676888462710657,0.033380876813641276,,,,
1521,0.001,adam,1522,34.096702098846436,0.0065336373006924095,0.0,0.03519652107836738,0.04173015837905979,,,,
1522,0.001,adam,1523,34.1079363822937,0.006568765051594184,0.0,0.02549551970436681,0.032064284755960994,,,,
1523,0.001,adam,1524,34.12080240249634,0.0065520016819477075,0.0,0.021604011782717942,0.02815601346466565,,,,
1524,0.001,adam,1525,34.13112735748291,0.006563254517199709,0.0,0.02645061690095845,0.03301387141815816,,,,
1525,0.001,adam,1526,34.14049577713013,0.006606004539413843,0.0,0.02458301558338414,0.03118902012279798,,,,
1526,0.001,adam,1527,34.15302348136902,0.006544180570356817,0.0,0.025001504645408866,0.03154568521576568,,,,
1527,0.001,adam,1528,34.18733549118042,0.00654266465320102,0.0,0.02027870632223002,0.026821370975431042,,,,
1528,0.001,adam,1529,34.20172882080078,0.006561629114828988,0.0,0.03115015755023759,0.037711786665066575,,,,
1529,0.001,adam,1530,34.2111713886261,0.006496630955201505,0.0,0.03905694383059121,0.045553574785792715,,,,
1530,0.001,adam,1531,34.222299575805664,0.006548492978908124,0.0,0.0311431979686431,0.037691690947551225,,,,
1531,0.001,adam,1532,34.24347138404846,0.006480064812959517,0.0,0.02220531524934412,0.028685380062303638,,,,
1532,0.001,adam,1533,34.25664043426514,0.006470369359707389,0.0,0.029976935443420828,0.036447304803128217,,,,
1533,0.001,adam,1534,34.26701283454895,0.0064777124398240115,0.0,0.0299531803470514,0.03643089278687541,,,,
1534,0.001,adam,1535,34.278019189834595,0.006416350097010398,0.0,0.021595275016535513,0.02801162511354591,,,,
1535,0.001,adam,1536,34.30371904373169,0.006419841904337269,0.0,0.024680139689422766,0.031099981593760033,,,,
1536,0.001,adam,1537,34.31358885765076,0.006466027869130069,0.0,0.03277830835198331,0.03924433622111338,,,,
1537,0.001,adam,1538,34.32427382469177,0.006409165344132456,0.0,0.039799873021379356,0.04620903836551181,,,,
1538,0.001,adam,1539,34.334561347961426,0.006403303420479926,0.0,0.02954772247485916,0.035951025895339085,,,,
1539,0.001,adam,1540,34.347434520721436,0.006405829352278285,0.0,0.023268009120454854,0.02967383847273314,0.013386588975409546,0.0,0.029773527839366994,0.043160116814776536
1540,0.001,adam,1541,34.36967134475708,0.00647503940201424,0.0,0.026025455961298415,0.032500495363312655,,,,
1541,0.001,adam,1542,34.38719916343689,0.006514868288314066,0.0,0.023643042413439695,0.030157910701753762,,,,
1542,0.001,adam,1543,34.40821552276611,0.0064767364944536485,0.0,0.026243720978234603,0.03272045747268825,,,,
1543,0.001,adam,1544,34.42296481132507,0.006461295982659479,0.0,0.025481948005883277,0.03194324398854276,,,,
1544,0.001,adam,1545,34.433178424835205,0.006500220958568061,0.0,0.03190995238415757,0.03841017334272563,,,,
1545,0.001,adam,1546,34.44249129295349,0.006439574980312768,0.0,0.026810131945612027,0.03324970692592479,,,,
1546,0.001,adam,1547,34.452598333358765,0.006440603820920102,0.0,0.02150427596515408,0.027944879786074184,,,,
1547,0.001,adam,1548,34.461633920669556,0.00647821638737515,0.0,0.025575143756028224,0.032053360143403375,,,,
1548,0.001,adam,1549,34.47246503829956,0.006449947784091462,0.0,0.029252883296880215,0.03570283108097168,,,,
1549,0.001,adam,1550,34.48796987533569,0.00647597243140411,0.0,0.050639391473950336,0.057115363905354447,,,,
1550,0.001,adam,1551,34.510486364364624,0.0064377651000726704,0.0,0.020339170459863564,0.026776935559936235,,,,
1551,0.001,adam,1552,34.519715547561646,0.006433087457386481,0.0,0.031509546048068625,0.037942633505455105,,,,
1552,0.001,adam,1553,34.53616952896118,0.006472595680332845,0.0,0.043091623153231576,0.04956421883356442,,,,
1553,0.001,adam,1554,34.54764938354492,0.006389738719219541,0.0,0.026388082281963664,0.032777821001183205,,,,
1554,0.001,adam,1555,34.557122230529785,0.0063639442504363096,0.0,0.02344553067039378,0.02980947492083009,,,,
1555,0.001,adam,1556,34.56654596328735,0.0063944389402915665,0.0,0.03292906154581117,0.03932350048610274,,,,
1556,0.001,adam,1557,34.579206466674805,0.0064016179200215885,0.0,0.0286880537880692,0.03508967170809079,,,,
1557,0.001,adam,1558,34.58855390548706,0.006384557548512905,0.0,0.021694981165775624,0.02807953871428853,,,,
1558,0.001,adam,1559,34.599156856536865,0.006328128829033621,0.0,0.02463070019276683,0.03095882902180045,,,,
1559,0.001,adam,1560,34.6091833114624,0.006301570131382729,0.0,0.03202043203909812,0.03832200217048085,0.013247020796159572,0.0,0.02600297824154012,0.03924999903769969
1560,0.001,adam,1561,34.62673020362854,0.006342963687911193,0.0,0.026882668631187278,0.033225632319098475,,,,
1561,0.001,adam,1562,34.63671135902405,0.006326565706637744,0.0,0.026535780864339376,0.03286234657097712,,,,
1562,0.001,adam,1563,34.64904475212097,0.006359053986355113,0.0,0.025417666914318605,0.03177672090067372,,,,
1563,0.001,adam,1564,34.65980124473572,0.006372314725784401,0.0,0.030149591986407247,0.036521906712191646,,,,
1564,0.001,adam,1565,34.68145203590393,0.006345677630222765,0.0,0.03833336840282421,0.044679046033046975,,,,
1565,0.001,adam,1566,34.70915126800537,0.0063355962112868255,0.0,0.026086488231443973,0.0324220844427308,,,,
1566,0.001,adam,1567,34.71916317939758,0.006288627064078822,0.0,0.026925389903723528,0.03321401696780235,,,,
1567,0.001,adam,1568,34.730953216552734,0.006272839338468824,0.0,0.02414656634514866,0.030419405683617486,,,,
1568,0.001,adam,1569,34.740586280822754,0.006315257731225785,0.0,0.028306562080653012,0.0346218198118788,,,,
1569,0.001,adam,1570,34.75336742401123,0.006280587686977867,0.0,0.024984890491028117,0.031265478178005984,,,,
1570,0.001,adam,1571,34.77354288101196,0.00629587484014926,0.0,0.017859712335485983,0.02415558717563524,,,,
1571,0.001,adam,1572,34.787389278411865,0.006293463989796973,0.0,0.017728769631377605,0.024022233621174578,,,,
1572,0.001,adam,1573,34.79960298538208,0.006281920486570454,0.0,0.025389727392795332,0.031671647879365786,,,,
1573,0.001,adam,1574,34.80975961685181,0.006258203753648157,0.0,0.020391697597306614,0.026649901350954772,,,,
1574,0.001,adam,1575,34.820059061050415,0.006219784247455649,0.0,0.0274943308146756,0.03371411506213125,,,,
1575,0.001,adam,1576,34.83883500099182,0.006227909135901358,0.0,0.023860401730148813,0.03008831086605017,,,,
1576,0.001,adam,1577,34.85614538192749,0.0062312163394548075,0.0,0.021691153098411676,0.02792236943786648,,,,
1577,0.001,adam,1578,34.869555711746216,0.0062358738706932235,0.0,0.02238333239403816,0.028619206264731384,,,,
1578,0.001,adam,1579,34.87986135482788,0.006267385208860137,0.0,0.022026158281309063,0.0282935434901692,,,,
1579,0.001,adam,1580,34.8888521194458,0.006275796002416568,0.0,0.024316282751003494,0.03059207875342006,0.013167471855759921,0.0,0.026766400600190945,0.03993387245595087
1580,0.001,adam,1581,34.909042835235596,0.006326253370918193,0.0,0.02448478947300738,0.030811042843925572,,,,
1581,0.001,adam,1582,34.92033624649048,0.006286584118627134,0.0,0.02244571562038371,0.028732299739010845,,,,
1582,0.001,adam,1583,34.934417486190796,0.006269221560391424,0.0,0.022552913835375617,0.028822135395767043,,,,
1583,0.001,adam,1584,34.946722984313965,0.006249155130696378,0.0,0.018052442786191013,0.024301597916887394,,,,
1584,0.001,adam,1585,34.96146297454834,0.006203741539762569,0.0,0.025999655438845415,0.03220339697860798,,,,
1585,0.001,adam,1586,34.9777193069458,0.006214954410613529,0.0,0.02252286058024754,0.028737814990861067,,,,
1586,0.001,adam,1587,34.990405321121216,0.006179250621721004,0.0,0.021235862933508043,0.027415113555229048,,,,
1587,0.001,adam,1588,35.00018620491028,0.006180918666092572,0.0,0.018980815326131356,0.025161733992223927,,,,
1588,0.001,adam,1589,35.01294684410095,0.00618235357954206,0.0,0.020811367998894985,0.026993721578437047,,,,
1589,0.001,adam,1590,35.023802757263184,0.0061995620935391925,0.0,0.021442449025266687,0.02764201111880588,,,,
1590,0.001,adam,1591,35.03405427932739,0.00615039088033974,0.0,0.021981235921346928,0.02813162680168667,,,,
1591,0.001,adam,1592,35.044124603271484,0.00616198910244388,0.0,0.02498803454497089,0.03115002364741477,,,,
1592,0.001,adam,1593,35.059229373931885,0.0061328578599099135,0.0,0.022008079367611524,0.028140937227521437,,,,
1593,0.001,adam,1594,35.0867440700531,0.006177089431910532,0.0,0.021109311242139654,0.027286400674050186,,,,
1594,0.001,adam,1595,35.097008228302,0.006170676273498741,0.0,0.01879728480198095,0.024967961075479692,,,,
1595,0.001,adam,1596,35.1087441444397,0.006135273260435524,0.0,0.026115963245119157,0.032251236505554684,,,,
1596,0.001,adam,1597,35.1209397315979,0.006171812645192941,0.0,0.020688305627653607,0.026860118272846546,,,,
1597,0.001,adam,1598,35.13291573524475,0.0061751186703932785,0.0,0.01991350080858857,0.026088619478981848,,,,
1598,0.001,adam,1599,35.14372658729553,0.006152134274566717,0.0,0.023618903952200614,0.02977103822676733,,,,
1599,0.001,adam,1600,35.153074741363525,0.006164576613351488,0.0,0.026843359774767084,0.033007936388118574,0.013078756933650789,0.0,0.019319264147931205,0.03239802108158199
1600,0.001,adam,1601,35.17253851890564,0.006126755003863118,0.0,0.022117771945344138,0.028244526949207257,,,,
1601,0.001,adam,1602,35.188138008117676,0.006109905613384633,0.0,0.01890579654474897,0.025015702158133604,,,,
1602,0.001,adam,1603,35.19917106628418,0.006115326803858563,0.0,0.019419979316120037,0.0255353061199786,,,,
1603,0.001,adam,1604,35.20838975906372,0.006095615224711071,0.0,0.22355088635275028,0.22964650157746136,,,,
1604,0.001,adam,1605,35.23564863204956,0.006104951332133833,0.0,0.020226499488525312,0.026331450820659144,,,,
1605,0.001,adam,1606,35.24664807319641,0.006137546992470611,0.0,0.022187860059719577,0.028325407052190187,,,,
1606,0.001,adam,1607,35.2583429813385,0.006071567300807678,0.0,0.030578734887403015,0.03665030218821069,,,,
1607,0.001,adam,1608,35.270559787750244,0.006076204154393536,0.0,0.01989181587161351,0.025968020026007045,,,,
1608,0.001,adam,1609,35.282819986343384,0.00606752328796606,0.0,0.021808657681657427,0.027876180969623486,,,,
1609,0.001,adam,1610,35.2940034866333,0.006076540099724012,0.0,0.03223191003798047,0.03830845013770448,,,,
1610,0.001,adam,1611,35.31037163734436,0.006113061124921093,0.0,0.023605961709880705,0.0297190228348018,,,,
1611,0.001,adam,1612,35.32121014595032,0.006071516974886886,0.0,0.020999385385507822,0.027070902360394708,,,,
1612,0.001,adam,1613,35.33200788497925,0.00604151568062531,0.0,0.017351456099879647,0.023392971780504958,,,,
1613,0.001,adam,1614,35.34148550033569,0.006043132646422165,0.0,0.018158446848178154,0.02420157949460032,,,,
1614,0.001,adam,1615,35.35269212722778,0.0060064999339922666,0.0,0.020337570703029727,0.026344070637021995,,,,
1615,0.001,adam,1616,35.36752772331238,0.006025694568842455,0.0,0.042833662956037064,0.04885935752487952,,,,
1616,0.001,adam,1617,35.37752938270569,0.006024743560322551,0.0,0.03039805811367142,0.036422801673993976,,,,
1617,0.001,adam,1618,35.38742661476135,0.006010179880882089,0.0,0.018283963635932432,0.02429414351681452,,,,
1618,0.001,adam,1619,35.39877462387085,0.006059954624775491,0.0,0.022330342261014557,0.028390296885790048,,,,
1619,0.001,adam,1620,35.412593126297,0.0060493046735232,0.0,0.01818300765816749,0.02423231233169069,0.01301282420691456,0.0,0.01980938058684474,0.0328222047937593
1620,0.001,adam,1621,35.43146014213562,0.0060209742355283305,0.0,0.020578489379806074,0.026599463615334405,,,,
1621,0.001,adam,1622,35.46107721328735,0.006024137800514818,0.0,0.023220182714022947,0.029244320514537764,,,,
1622,0.001,adam,1623,35.47107648849487,0.00597859982188615,0.0,0.01798124474904761,0.02395984457093376,,,,
1623,0.001,adam,1624,35.480326414108276,0.005960165966456516,0.0,0.01955064272710069,0.025510808693557204,,,,
1624,0.001,adam,1625,35.50601840019226,0.005994463602446409,0.0,0.022582225298160265,0.028576688900606675,,,,
1625,0.001,adam,1626,35.51598882675171,0.0059785354821810174,0.0,0.02961321983177509,0.03559175531395611,,,,
1626,0.001,adam,1627,35.52600145339966,0.0060181036074412235,0.0,0.026060352264451157,0.03207845587189238,,,,
1627,0.001,adam,1628,35.53618860244751,0.006021307871899335,0.0,0.020728948538732674,0.026750256410632008,,,,
1628,0.001,adam,1629,35.54537391662598,0.006014743127751663,0.0,0.021603527774113902,0.027618270901865565,,,,
1629,0.001,adam,1630,35.5559823513031,0.0060220078060271584,0.0,0.02576572781263886,0.03178773561866602,,,,
1630,0.001,adam,1631,35.57224988937378,0.005964967026788909,0.0,0.02259633778437419,0.0285613048111631,,,,
1631,0.001,adam,1632,35.58225202560425,0.005960440353322545,0.0,0.021056924704109182,0.027017365057431728,,,,
1632,0.001,adam,1633,35.591890811920166,0.005922270794583235,0.0,0.022940130344525664,0.0288624011391089,,,,
1633,0.001,adam,1634,35.60280513763428,0.005905359471489294,0.0,0.02666391171397372,0.03256927118546301,,,,
1634,0.001,adam,1635,35.61347460746765,0.005899077490201633,0.0,0.0238090160292437,0.029708093519445332,,,,
1635,0.001,adam,1636,35.623154640197754,0.00591910659364008,0.0,0.02330029014600954,0.02921939673964962,,,,
1636,0.001,adam,1637,35.63303589820862,0.005923426204524775,0.0,0.025599725806923955,0.03152315201144873,,,,
1637,0.001,adam,1638,35.642958879470825,0.005876129856834757,0.0,0.023303722986475095,0.02917985284330985,,,,
1638,0.001,adam,1639,35.65397524833679,0.005884433506799169,0.0,0.023707852689318788,0.029592286196117958,,,,
1639,0.001,adam,1640,35.664795875549316,0.005884638988284989,0.0,0.026712473848992568,0.03259711283727756,0.012889101065060242,0.0,0.02040548668995767,0.03329458775501791
1640,0.001,adam,1641,35.68279814720154,0.005878015110733906,0.0,0.018706322372015975,0.02458433748274988,,,,
1641,0.001,adam,1642,35.69629144668579,0.005899366053640877,0.0,0.022218928629974617,0.028118294683615493,,,,
1642,0.001,adam,1643,35.713521003723145,0.005902731021560235,0.0,0.020585726599614086,0.02648845762117432,,,,
1643,0.001,adam,1644,35.724058628082275,0.005933707211693434,0.0,0.02255713786833833,0.028490845080031763,,,,
1644,0.001,adam,1645,35.73766326904297,0.005924583066972205,0.0,0.02144524508166381,0.027369828148636016,,,,
1645,0.001,adam,1646,35.764039278030396,0.005916592873000718,0.0,0.019911654782300163,0.02582824765530088,,,,
1646,0.001,adam,1647,35.77461218833923,0.0059105039629878285,0.0,0.055471002152836325,0.06138150611582415,,,,
1647,0.001,adam,1648,35.792377948760986,0.005873841349963321,0.0,0.03902679123784959,0.04490063258781291,,,,
1648,0.001,adam,1649,35.81249117851257,0.005961979773983274,0.0,0.051513242626653466,0.05747522240063674,,,,
1649,0.001,adam,1650,35.8493549823761,0.005918422242370006,0.0,0.041737324843493656,0.04765574708586366,,,,
1650,0.001,adam,1651,35.85943937301636,0.00592541453197501,0.0,0.02924007515493269,0.0351654896869077,,,,
1651,0.001,adam,1652,35.87160921096802,0.005911090073285175,0.0,0.02731856616388949,0.033229656237174665,,,,
1652,0.001,adam,1653,35.892266511917114,0.005885694810407626,0.0,0.03784772533784668,0.04373342014825431,,,,
1653,0.001,adam,1654,35.90295672416687,0.005951508000491419,0.0,0.030243282581340764,0.036194790581832184,,,,
1654,0.001,adam,1655,35.914610385894775,0.005899185567907381,0.0,0.03950478816124926,0.045403973729156645,,,,
1655,0.001,adam,1656,35.92484211921692,0.005919714410037479,0.0,0.020838565157635675,0.026758279567673154,,,,
1656,0.001,adam,1657,35.94144582748413,0.005986164052670787,0.0,0.02230847288348344,0.028294636936154225,,,,
1657,0.001,adam,1658,35.969117641448975,0.005943539292692634,0.0,0.02016308323021914,0.026106622522911776,,,,
1658,0.001,adam,1659,35.97955322265625,0.005969138731803691,0.0,0.02007436401051623,0.026043502742319924,,,,
1659,0.001,adam,1660,35.98916721343994,0.005946120279614236,0.0,0.01929543722863445,0.025241557508248687,0.012998080101133758,0.0,0.02024034388210556,0.03323842398323932
1660,0.001,adam,1661,36.0078239440918,0.0058971130854261035,0.0,0.017091324775644408,0.02298843786107051,,,,
1661,0.001,adam,1662,36.01762056350708,0.005883311564990494,0.0,0.017304550791784813,0.023187862356775307,,,,
1662,0.001,adam,1663,36.028212785720825,0.0058600378854339165,0.0,0.016272761701677317,0.022132799587111233,,,,
1663,0.001,adam,1664,36.038233280181885,0.0058398885840053524,0.0,0.015875888805711263,0.021715777389716615,,,,
1664,0.001,adam,1665,36.05069422721863,0.0058347575245853095,0.0,0.021368687124634782,0.02720344464922009,,,,
1665,0.001,adam,1666,36.06422972679138,0.0058287152088582934,0.0,0.031060161096401584,0.036888876305259874,,,,
1666,0.001,adam,1667,36.07468581199646,0.005840100442712488,0.0,0.017452298570456472,0.02329239901316896,,,,
1667,0.001,adam,1668,36.08971166610718,0.005836487040523677,0.0,0.019131655142870803,0.02496814218339448,,,,
1668,0.001,adam,1669,36.103827714920044,0.0058289464038614675,0.0,0.02006593259626029,0.025894879000121756,,,,
1669,0.001,adam,1670,36.11452651023865,0.0058189332845638275,0.0,0.02150067311602128,0.02731960640058511,,,,
1670,0.001,adam,1671,36.12563347816467,0.005801684245924353,0.0,0.017632951856628328,0.02343463610255268,,,,
1671,0.001,adam,1672,36.13684916496277,0.00580857073156358,0.0,0.019028107493654217,0.024836678225217797,,,,
1672,0.001,adam,1673,36.14634037017822,0.005801903057625999,0.0,0.017136855732541725,0.022938758790167723,,,,
1673,0.001,adam,1674,36.15685772895813,0.0057815864743163605,0.0,0.014688635402871426,0.020470221877187784,,,,
1674,0.001,adam,1675,36.16956830024719,0.005767128653584447,0.0,0.018062045197812397,0.023829173851396844,,,,
1675,0.001,adam,1676,36.18286371231079,0.005734878790264226,0.0,0.022931216393410236,0.02866609518367446,,,,
1676,0.001,adam,1677,36.19314527511597,0.005724114880885854,0.0,0.02017964576024219,0.025903760641128044,,,,
1677,0.001,adam,1678,36.20393228530884,0.005716230825162637,0.0,0.018086505203835444,0.02380273602899808,,,,
1678,0.001,adam,1679,36.21362519264221,0.0057239053586694375,0.0,0.01556665598439883,0.021290561343068268,,,,
1679,0.001,adam,1680,36.2262179851532,0.005720985369570553,0.0,0.024611282580941966,0.03033226795051252,0.01290260142781853,0.0,0.017766914110154734,0.030669515537973265
1680,0.001,adam,1681,36.24597430229187,0.005734112637203309,0.0,0.0180687751312714,0.02380288776847471,,,,
1681,0.001,adam,1682,36.25799202919006,0.005764104138811694,0.0,0.01958747425296102,0.025351578391772715,,,,
1682,0.001,adam,1683,36.27074337005615,0.005759162474217424,0.0,0.017475672386889882,0.023234834861107306,,,,
1683,0.001,adam,1684,36.28160738945007,0.00575746912530965,0.0,0.018054753647008703,0.023812222772318353,,,,
1684,0.001,adam,1685,36.30633091926575,0.005754829507669856,0.0,0.01910534892685269,0.024860178434522547,,,,
1685,0.001,adam,1686,36.316736936569214,0.005736743532392516,0.0,0.019073123881502417,0.02480986741389493,,,,
1686,0.001,adam,1687,36.32807540893555,0.005728113441967261,0.0,0.017001852329920776,0.022729965771888037,,,,
1687,0.001,adam,1688,36.33853721618652,0.005703114693640512,0.0,0.01539076502994619,0.0210938797235867,,,,
1688,0.001,adam,1689,36.34998798370361,0.005692572531882144,0.0,0.017665362769204124,0.02335793530108627,,,,
1689,0.001,adam,1690,36.3604154586792,0.005693023734869453,0.0,0.017832569173906885,0.023525592908776337,,,,
1690,0.001,adam,1691,36.376442432403564,0.0056846551335234885,0.0,0.020510260742017106,0.026194915875540594,,,,
1691,0.001,adam,1692,36.39566469192505,0.005693455274383366,0.0,0.021760078250573228,0.027453533524956594,,,,
1692,0.001,adam,1693,36.406742095947266,0.0056823242716806,0.0,0.018617807537400242,0.024300131809080843,,,,
1693,0.001,adam,1694,36.4164092540741,0.005697575876749742,0.0,0.015572000493346694,0.021269576370096438,,,,
1694,0.001,adam,1695,36.43220329284668,0.005674182412894934,0.0,0.019301989940714314,0.024976172353609247,,,,
1695,0.001,adam,1696,36.44284987449646,0.005708241636721181,0.0,0.025563457727539273,0.031271699364260455,,,,
1696,0.001,adam,1697,36.46396350860596,0.005690534030972631,0.0,0.02692147828457637,0.032612012315549,,,,
1697,0.001,adam,1698,36.47459554672241,0.005715799169485044,0.0,0.020469489665586642,0.026185288835071686,,,,
1698,0.001,adam,1699,36.48616337776184,0.00570252871478557,0.0,0.01724255411017681,0.022945082824962378,,,,
1699,0.001,adam,1700,36.506101846694946,0.005716482346806267,0.0,0.02041141100266672,0.026127893349472985,0.012666013265075096,0.0,0.028637727724895014,0.04130374098997011
1700,0.001,adam,1701,36.52644228935242,0.005760020865491932,0.0,0.03057251470022581,0.03633253556571774,,,,
1701,0.001,adam,1702,36.53752827644348,0.005691190589963501,0.0,0.044135007710754195,0.049826198300717696,,,,
1702,0.001,adam,1703,36.54787993431091,0.0057325743346550075,0.0,0.03458071506705452,0.04031328940170953,,,,
1703,0.001,adam,1704,36.576942682266235,0.005650586324113778,0.0,0.024668923220888823,0.0303195095450026,,,,
1704,0.001,adam,1705,36.58693504333496,0.005654634263472015,0.0,0.01910456328842678,0.024759197551898794,,,,
1705,0.001,adam,1706,36.59651565551758,0.0056704393042593376,0.0,0.022324960932336428,0.027995400236595767,,,,
1706,0.001,adam,1707,36.60587978363037,0.005662331608985746,0.0,0.017635394852429487,0.023297726461415234,,,,
1707,0.001,adam,1708,36.616270780563354,0.005679105134443011,0.0,0.018652137053669797,0.024331242188112806,,,,
1708,0.001,adam,1709,36.630332469940186,0.005650489060923435,0.0,0.01959001409832675,0.025240503159250183,,,,
1709,0.001,adam,1710,36.64062190055847,0.005609065128945669,0.0,0.016211469487940364,0.021820534616886034,,,,
1710,0.001,adam,1711,36.65248775482178,0.005600349881814942,0.0,0.020626837910507772,0.026227187792322713,,,,
1711,0.001,adam,1712,36.66419053077698,0.0056001540410934554,0.0,0.023131630935217397,0.02873178497631085,,,,
1712,0.001,adam,1713,36.68498730659485,0.00561391368681784,0.0,0.016005159717002514,0.021619073403820355,,,,
1713,0.001,adam,1714,36.69606161117554,0.005609305533043068,0.0,0.018704199125979305,0.02431350465902237,,,,
1714,0.001,adam,1715,36.707237243652344,0.005608106448887288,0.0,0.018655277008344812,0.0242633834572321,,,,
1715,0.001,adam,1716,36.719467878341675,0.0055905470241951446,0.0,0.020461501477752782,0.026052048501947925,,,,
1716,0.001,adam,1717,36.73310112953186,0.005601881824734736,0.0,0.01812704143167553,0.023728923256410264,,,,
1717,0.001,adam,1718,36.75047993659973,0.0056287727065148915,0.0,0.019019443130274927,0.02464821583678982,,,,
1718,0.001,adam,1719,36.7613570690155,0.005626529380528712,0.0,0.018588809360804395,0.024215338741333105,,,,
1719,0.001,adam,1720,36.77336812019348,0.005622263868740465,0.0,0.017710715748393786,0.02333297961713425,0.012619366433063545,0.0,0.01664474064689246,0.029264107079956005
1720,0.001,adam,1721,36.79189872741699,0.005569447568808442,0.0,0.01917544726927551,0.024744894838083953,,,,
1721,0.001,adam,1722,36.80131149291992,0.0055334892299332425,0.0,0.01911373705764738,0.02464722628758062,,,,
1722,0.001,adam,1723,36.81374168395996,0.005517741032664129,0.0,0.019615397617187263,0.02513313864985139,,,,
1723,0.001,adam,1724,36.82491064071655,0.005563128294290061,0.0,0.025888233757927682,0.03145136205221774,,,,
1724,0.001,adam,1725,36.84496569633484,0.0055599745296592016,0.0,0.026452205083651276,0.03201217961331048,,,,
1725,0.001,adam,1726,36.85576009750366,0.005574837129951815,0.0,0.022034745450763775,0.02760958258071559,,,,
1726,0.001,adam,1727,36.86826014518738,0.005583469442575269,0.0,0.016019186602919382,0.02160265604549465,,,,
1727,0.001,adam,1728,36.87893199920654,0.005579157089544535,0.0,0.026535265297989608,0.03211442238753414,,,,
1728,0.001,adam,1729,36.89619159698486,0.005602599374809903,0.0,0.03458932936496244,0.04019192873977234,,,,
1729,0.001,adam,1730,36.90528082847595,0.00555451996680788,0.0,0.03341207418055844,0.03896659414736632,,,,
1730,0.001,adam,1731,36.92016577720642,0.005574250290180615,0.0,0.02182927675033497,0.027403527040515584,,,,
1731,0.001,adam,1732,36.93067526817322,0.005542564832972708,0.0,0.016166592097845996,0.021709156930818704,,,,
1732,0.001,adam,1733,36.944957971572876,0.005527079021640368,0.0,0.023161164847262147,0.028688243868902515,,,,
1733,0.001,adam,1734,36.957730770111084,0.005537991572728848,0.0,0.03451773110385632,0.04005572267658517,,,,
1734,0.001,adam,1735,36.97183418273926,0.005494794741960385,0.0,0.02353318108190226,0.029027975823862646,,,,
1735,0.001,adam,1736,36.98487710952759,0.005536255665105207,0.0,0.027061083476395444,0.03259733914150065,,,,
1736,0.001,adam,1737,36.99494528770447,0.005506124059302035,0.0,0.023285594802284364,0.0287917188615864,,,,
1737,0.001,adam,1738,37.00891470909119,0.005519946244137294,0.0,0.02502959220488755,0.030549538449024846,,,,
1738,0.001,adam,1739,37.01898550987244,0.00551042050671325,0.0,0.017386741621932773,0.022897162128646023,,,,
1739,0.001,adam,1740,37.033522605895996,0.005467510441147039,0.0,0.024926501699106273,0.030394012140253314,0.012560060240240447,0.0,0.023643452400039126,0.03620351264027957
1740,0.001,adam,1741,37.05248546600342,0.005485430400648702,0.0,0.02709973993175996,0.03258517033240866,,,,
1741,0.001,adam,1742,37.0638587474823,0.005435232376967177,0.0,0.021488679283173846,0.026923911660141023,,,,
1742,0.001,adam,1743,37.07488465309143,0.0054427393456645285,0.0,0.016652115345655853,0.02209485469132038,,,,
1743,0.001,adam,1744,37.09072494506836,0.005434555309911113,0.0,0.019033741554329454,0.02446829686424057,,,,
1744,0.001,adam,1745,37.108821630477905,0.005423798155828386,0.0,0.03935971345592152,0.044783511611749906,,,,
1745,0.001,adam,1746,37.11862087249756,0.005472652747234819,0.0,0.029819902939474906,0.03529255568670973,,,,
1746,0.001,adam,1747,37.13140678405762,0.0054594685283181656,0.0,0.019633789808857917,0.025093258337176082,,,,
1747,0.001,adam,1748,37.15476036071777,0.005456220929214682,0.0,0.017727912930538138,0.02318413385975282,,,,
1748,0.001,adam,1749,37.16543889045715,0.005451578981401526,0.0,0.01892915892116285,0.024380737902564377,,,,
1749,0.001,adam,1750,37.18225169181824,0.005421497162129464,0.0,0.0211585403290168,0.026580037491146263,,,,
1750,0.001,adam,1751,37.19236612319946,0.005444207267210229,0.0,0.024325532475841315,0.029769739743051544,,,,
1751,0.001,adam,1752,37.203086853027344,0.005405487910944497,0.0,0.024287448752259085,0.029692936663203582,,,,
1752,0.001,adam,1753,37.21337914466858,0.005417770086417013,0.0,0.01778482060177421,0.02320259068819122,,,,
1753,0.001,adam,1754,37.22820448875427,0.005444237191832595,0.0,0.02875092807543029,0.034195165267262885,,,,
1754,0.001,adam,1755,37.24063467979431,0.00540179703366494,0.0,0.04765703101897308,0.05305882805263802,,,,
1755,0.001,adam,1756,37.251967430114746,0.005478172883127609,0.0,0.04522030012632158,0.05069847300944919,,,,
1756,0.001,adam,1757,37.268718004226685,0.005404490099935878,0.0,0.02794484020181699,0.03334933030175287,,,,
1757,0.001,adam,1758,37.27897500991821,0.005415826166940781,0.0,0.022236865440363116,0.027652691607303895,,,,
1758,0.001,adam,1759,37.289287090301514,0.005429086553286686,0.0,0.018247390727652118,0.023676477280938805,,,,
1759,0.001,adam,1760,37.30055785179138,0.005429499341193613,0.0,0.027012434502812765,0.03244193384400638,0.012459156068331279,0.0,0.027583769820491523,0.0400429258888228
1760,0.001,adam,1761,37.320324182510376,0.005442767393563208,0.0,0.030689976059812163,0.036132743453375374,,,,
1761,0.001,adam,1762,37.3310227394104,0.0053919776619792085,0.0,0.024351855615951816,0.029743833277931023,,,,
1762,0.001,adam,1763,37.34140110015869,0.005352277096001464,0.0,0.02019732368234727,0.02554960077834873,,,,
1763,0.001,adam,1764,37.35090684890747,0.005358244873335952,0.0,0.021058928223959893,0.026417173097295847,,,,
1764,0.001,adam,1765,37.36642122268677,0.005333556717328902,0.0,0.022662712288725732,0.027996269006054633,,,,
1765,0.001,adam,1766,37.37710738182068,0.005352485509729765,0.0,0.017707534251333302,0.023060019761063068,,,,
1766,0.001,adam,1767,37.387462854385376,0.005367567459472546,0.0,0.018088554713221634,0.02345612217269418,,,,
1767,0.001,adam,1768,37.3997642993927,0.005364314255041573,0.0,0.02342862769571627,0.028792941950757843,,,,
1768,0.001,adam,1769,37.41129446029663,0.005384342532885016,0.0,0.02237451866649302,0.027758861199378038,,,,
1769,0.001,adam,1770,37.43029260635376,0.00536238083463566,0.0,0.016965792915235846,0.022328173749871505,,,,
1770,0.001,adam,1771,37.44533944129944,0.005353192984870919,0.0,0.01950290103280587,0.024856094017676786,,,,
1771,0.001,adam,1772,37.45729970932007,0.005371392918120263,0.0,0.027876493863735384,0.03324788678185565,,,,
1772,0.001,adam,1773,37.47497200965881,0.005345367901404612,0.0,0.03196800098416701,0.03731336888557162,,,,
1773,0.001,adam,1774,37.489548444747925,0.005355501947717759,0.0,0.025818836492621778,0.03117433844033954,,,,
1774,0.001,adam,1775,37.50147581100464,0.005323224665005702,0.0,0.015355958968772504,0.020679183633778207,,,,
1775,0.001,adam,1776,37.51119065284729,0.005316535932066312,0.0,0.01861507272949227,0.02393160866155858,,,,
1776,0.001,adam,1777,37.521591663360596,0.005350126639682303,0.0,0.02571369165713445,0.031063818296816755,,,,
1777,0.001,adam,1778,37.5353684425354,0.005293103839358553,0.0,0.02863186340027344,0.033924967239631995,,,,
1778,0.001,adam,1779,37.57053542137146,0.005303035271944257,0.0,0.017009690119724735,0.02231272539166899,,,,
1779,0.001,adam,1780,37.580586433410645,0.005286977776963759,0.0,0.01676592774114532,0.022052905518109078,0.012434464080135658,0.0,0.03002275984939339,0.042457223929529046
1780,0.001,adam,1781,37.60506772994995,0.0052727209617659376,0.0,0.029084934642351713,0.03435765560411765,,,,
1781,0.001,adam,1782,37.61457085609436,0.0053213603167442634,0.0,0.02707211715800236,0.03239347747474662,,,,
1782,0.001,adam,1783,37.62535619735718,0.005302515674473353,0.0,0.022764887549359535,0.028067403223832887,,,,
1783,0.001,adam,1784,37.639095067977905,0.005299612738911893,0.0,0.016062345589349922,0.021361958328261814,,,,
1784,0.001,adam,1785,37.65144181251526,0.0053007320869694055,0.0,0.016667127061473413,0.02196785914844282,,,,
1785,0.001,adam,1786,37.661967515945435,0.005288239014605836,0.0,0.018952142280133106,0.02424038129473894,,,,
1786,0.001,adam,1787,37.67236113548279,0.005337773599970922,0.0,0.018406317105587457,0.023744090705558378,,,,
1787,0.001,adam,1788,37.693824768066406,0.005335593500548758,0.0,0.01662959772270311,0.021965191223251867,,,,
1788,0.001,adam,1789,37.721317291259766,0.005307157971495938,0.0,0.019063638298100764,0.024370796269596703,,,,
1789,0.001,adam,1790,37.731510162353516,0.005298358826470988,0.0,0.023880370936144653,0.02917872976261564,,,,
1790,0.001,adam,1791,37.750447273254395,0.005268564526877813,0.0,0.02291605250746959,0.028184617034347402,,,,
1791,0.001,adam,1792,37.761070728302,0.005251027159060151,0.0,0.016806897363349765,0.022057924522409914,,,,
1792,0.001,adam,1793,37.781360149383545,0.005261172862025687,0.0,0.018638480763420957,0.023899653625446646,,,,
1793,0.001,adam,1794,37.79230237007141,0.005222903880518471,0.0,0.014985454945840406,0.020208358826358876,,,,
1794,0.001,adam,1795,37.803287506103516,0.005231609068986154,0.0,0.021269032526224935,0.02650064159521109,,,,
1795,0.001,adam,1796,37.81600856781006,0.005221462889807901,0.0,0.017057943644499855,0.022279406534307756,,,,
1796,0.001,adam,1797,37.833977460861206,0.005231886391530604,0.0,0.017827650541768145,0.02305953693329875,,,,
1797,0.001,adam,1798,37.84337639808655,0.005228269296939235,0.0,0.01652710653274467,0.021755375829683905,,,,
1798,0.001,adam,1799,37.85262489318848,0.005219541707881264,0.0,0.016437524128459176,0.02165706583634044,,,,
1799,0.001,adam,1800,37.865731716156006,0.005223232367708843,0.0,0.01929118672865392,0.024514419096362764,0.01242748000078483,0.0,0.01876206631932319,0.031189546320108022
1800,0.001,adam,1801,37.885857582092285,0.005252543421181311,0.0,0.023267559872658727,0.028520103293840037,,,,
1801,0.001,adam,1802,37.897369384765625,0.005198381241255736,0.0,0.01576051737472583,0.020958898615981564,,,,
1802,0.001,adam,1803,37.90974235534668,0.005203800869090028,0.0,0.021950338064181108,0.027154138933271135,,,,
1803,0.001,adam,1804,37.91952681541443,0.005188491172367407,0.0,0.0191462598786423,0.024334751051009705,,,,
1804,0.001,adam,1805,37.93054151535034,0.005219500695872483,0.0,0.019380362154591012,0.024599862850463495,,,,
1805,0.001,adam,1806,37.94187116622925,0.005228573670291198,0.0,0.017204588599076483,0.02243316226936768,,,,
1806,0.001,adam,1807,37.95212173461914,0.005210420363980955,0.0,0.022639416396915073,0.02784983676089603,,,,
1807,0.001,adam,1808,37.961533546447754,0.005246381893570666,0.0,0.028834499435764306,0.03408088132933497,,,,
1808,0.001,adam,1809,37.971089363098145,0.0052229212608693055,0.0,0.025420053603837655,0.030642974864706962,,,,
1809,0.001,adam,1810,37.98157596588135,0.005213741240576022,0.0,0.02110334933830519,0.02631709057888121,,,,
1810,0.001,adam,1811,37.995723724365234,0.00523143857332136,0.0,0.01923526901430475,0.02446670758762611,,,,
1811,0.001,adam,1812,38.010377168655396,0.005210315492555189,0.0,0.019835474768540126,0.025045790261095317,,,,
1812,0.001,adam,1813,38.0227997303009,0.005209596726447684,0.0,0.015614585762306418,0.020824182488754103,,,,
1813,0.001,adam,1814,38.038254737854004,0.005193692617016588,0.0,0.018466630411327102,0.02366032302834369,,,,
1814,0.001,adam,1815,38.05190300941467,0.005172707013457681,0.0,0.017925777639916225,0.023098484653373906,,,,
1815,0.001,adam,1816,38.06495523452759,0.005156331779540105,0.0,0.01589914047284579,0.021055472252385896,,,,
1816,0.001,adam,1817,38.07866859436035,0.005189728997679151,0.0,0.020866902565862745,0.026056631563541897,,,,
1817,0.001,adam,1818,38.08977675437927,0.005201807017491985,0.0,0.0187585867551981,0.023960393772690085,,,,
1818,0.001,adam,1819,38.10107111930847,0.005205653212346482,0.0,0.019095555611760955,0.024301208824107436,,,,
1819,0.001,adam,1820,38.11099290847778,0.005201264443903593,0.0,0.029271758884243843,0.03447302332814744,0.012400255668308107,0.0,0.023732787408748197,0.0361330430770563
1820,0.001,adam,1821,38.129329681396484,0.005196674712755557,0.0,0.020645732906768834,0.02584240761952439,,,,
1821,0.001,adam,1822,38.141542196273804,0.005230711845095908,0.0,0.02205920796811201,0.02728991981320792,,,,
1822,0.001,adam,1823,38.15204310417175,0.005231408661274126,0.0,0.013990290786989577,0.019221699448263702,,,,
1823,0.001,adam,1824,38.168160915374756,0.0051883043945157165,0.0,0.017052036970747093,0.02224034136526281,,,,
1824,0.001,adam,1825,38.17934775352478,0.005223856830741748,0.0,0.025636407526868833,0.030860264357610582,,,,
1825,0.001,adam,1826,38.188862562179565,0.005158638157805841,0.0,0.022664119883162012,0.027822758040967854,,,,
1826,0.001,adam,1827,38.20202326774597,0.005140869859077711,0.0,0.01689991719672083,0.022040787055798542,,,,
1827,0.001,adam,1828,38.219181537628174,0.005163238373488581,0.0,0.02349141644514852,0.0286546548186371,,,,
1828,0.001,adam,1829,38.23067831993103,0.005164823285920052,0.0,0.025808294902848472,0.030973118188768523,,,,
1829,0.001,adam,1830,38.2563579082489,0.0051760462908193175,0.0,0.02084082601288731,0.026016872303706626,,,,
1830,0.001,adam,1831,38.26648020744324,0.0051473848379341375,0.0,0.021741438292703863,0.026888823130638,,,,
1831,0.001,adam,1832,38.276522636413574,0.00514197520859735,0.0,0.017332332533308122,0.022474307741905473,,,,
1832,0.001,adam,1833,38.28915977478027,0.005150701919445819,0.0,0.015352666999675413,0.02050336891912123,,,,
1833,0.001,adam,1834,38.30004549026489,0.005169722697555317,0.0,0.019875301242225325,0.025045023939780642,,,,
1834,0.001,adam,1835,38.310561656951904,0.005181326460880099,0.0,0.014299369647613063,0.01948069610849316,,,,
1835,0.001,adam,1836,38.321478605270386,0.005182666387911159,0.0,0.013020598766590901,0.01820326515450206,,,,
1836,0.001,adam,1837,38.33328318595886,0.0051619414297844664,0.0,0.013011764891901334,0.0181737063216858,,,,
1837,0.001,adam,1838,38.34691905975342,0.005146233498733275,0.0,0.02146410984790211,0.02661034334663539,,,,
1838,0.001,adam,1839,38.35623526573181,0.005121177479686621,0.0,0.020891080284744557,0.02601225776443118,,,,
1839,0.001,adam,1840,38.3662793636322,0.0051691690188891805,0.0,0.03008996184152396,0.03525913086041314,0.012398277728233384,0.0,0.027003414673715257,0.03940169240194864
1840,0.001,adam,1841,38.38553023338318,0.005122597667779269,0.0,0.029066573493953207,0.03418917116173248,,,,
1841,0.001,adam,1842,38.39635157585144,0.005147970349767196,0.0,0.018537149740385138,0.023685120090152334,,,,
1842,0.001,adam,1843,38.412089347839355,0.0051226678432073685,0.0,0.01714892282285149,0.022271590666058858,,,,
1843,0.001,adam,1844,38.42812752723694,0.0051034589803112505,0.0,0.01621050582699094,0.02131396480730219,,,,
1844,0.001,adam,1845,38.44096302986145,0.005123938896418973,0.0,0.02106382636227556,0.026187765258694533,,,,
1845,0.001,adam,1846,38.45068693161011,0.005089612794579536,0.0,0.0258610996603732,0.030950712454952733,,,,
1846,0.001,adam,1847,38.46254324913025,0.005112109317620216,0.0,0.01770920934214461,0.022821318659764826,,,,
1847,0.001,adam,1848,38.47225332260132,0.005086122756758976,0.0,0.01567659751124896,0.020762720268007937,,,,
1848,0.001,adam,1849,38.48484563827515,0.005083022762803626,0.0,0.014336222576054745,0.01941924533885837,,,,
1849,0.001,adam,1850,38.49616003036499,0.005101164684036118,0.0,0.016677017423525196,0.021778182107561314,,,,
1850,0.001,adam,1851,38.512688636779785,0.005068427633479772,0.0,0.01811960828618371,0.023188035919663483,,,,
1851,0.001,adam,1852,38.52341651916504,0.005078994190340397,0.0,0.01411180278038937,0.019190796970729767,,,,
1852,0.001,adam,1853,38.53493309020996,0.00507209115131495,0.0,0.017203124807286856,0.022275215958601807,,,,
1853,0.001,adam,1854,38.54446816444397,0.00504463571198043,0.0,0.01775799992336108,0.02280263563534151,,,,
1854,0.001,adam,1855,38.554415702819824,0.005057880946916674,0.0,0.017476204387539235,0.02253408533445591,,,,
1855,0.001,adam,1856,38.5635621547699,0.005062483386802417,0.0,0.016281213121989036,0.021343696508791452,,,,
1856,0.001,adam,1857,38.57420563697815,0.005032552937077573,0.0,0.014609397561651239,0.019641950498728813,,,,
1857,0.001,adam,1858,38.58326745033264,0.005026812127552688,0.0,0.014746997276212611,0.0197738094037653,,,,
1858,0.001,adam,1859,38.592984676361084,0.0050189425122820035,0.0,0.014265530882273659,0.019284473394555662,,,,
1859,0.001,adam,1860,38.608463525772095,0.005030547718233587,0.0,0.01544879564907764,0.020479343367311227,0.012263008077280924,0.0,0.015128168946312769,0.027391177023593692
1860,0.001,adam,1861,38.62765908241272,0.00502829528819208,0.0,0.02240368658668715,0.02743198187487923,,,,
1861,0.001,adam,1862,38.63791489601135,0.005025304055009169,0.0,0.018805730457836792,0.02383103451284596,,,,
1862,0.001,adam,1863,38.648173332214355,0.00507196470992873,0.0,0.018939978262238984,0.024011942972167716,,,,
1863,0.001,adam,1864,38.65866756439209,0.005030598165888058,0.0,0.019249571589423732,0.02428016975531179,,,,
1864,0.001,adam,1865,38.66833472251892,0.005023093229763523,0.0,0.021789918974478052,0.026813012204241576,,,,
1865,0.001,adam,1866,38.6799795627594,0.005003914409329302,0.0,0.01271904957666688,0.017722963985996182,,,,
1866,0.001,adam,1867,38.69004416465759,0.004995240940659949,0.0,0.01519961167399515,0.020194852614655097,,,,
1867,0.001,adam,1868,38.69926309585571,0.004991556479950962,0.0,0.016345901815548708,0.02133745829549967,,,,
1868,0.001,adam,1869,38.70889377593994,0.004966114160145658,0.0,0.01428654016537938,0.01925265432552504,,,,
1869,0.001,adam,1870,38.72218871116638,0.004976637328430002,0.0,0.016604225197492696,0.021580862525922697,,,,
1870,0.001,adam,1871,38.74067258834839,0.00501497577342459,0.0,0.01853370500631645,0.023548680779741038,,,,
1871,0.001,adam,1872,38.75179982185364,0.00501422783451533,0.0,0.019054478163130658,0.02406870599764599,,,,
1872,0.001,adam,1873,38.767173528671265,0.005019253867275892,0.0,0.014048905003848516,0.019068158871124407,,,,
1873,0.001,adam,1874,38.779120445251465,0.005017386870699788,0.0,0.01653407081782631,0.0215514576885261,,,,
1874,0.001,adam,1875,38.78998827934265,0.005010777405929374,0.0,0.017635041558742716,0.02264581896467209,,,,
1875,0.001,adam,1876,38.80268859863281,0.005043535109741635,0.0,0.018357997078577642,0.023401532188319276,,,,
1876,0.001,adam,1877,38.812907218933105,0.005012688840776956,0.0,0.014930520173844247,0.019943209014621203,,,,
1877,0.001,adam,1878,38.827152729034424,0.005006970876031854,0.0,0.017677523008463314,0.022684493884495168,,,,
1878,0.001,adam,1879,38.847434520721436,0.005027881108405538,0.0,0.03247990108892026,0.0375077821973258,,,,
1879,0.001,adam,1880,38.85883855819702,0.005014039642902756,0.0,0.02694772388701273,0.031961763529915484,0.012128356329365769,0.0,0.018400420725048893,0.03052877705441466
1880,0.001,adam,1881,38.88402700424194,0.005001739377056113,0.0,0.01741747443354815,0.022419213810604265,,,,
1881,0.001,adam,1882,38.903170108795166,0.004976544940754308,0.0,0.018998711536671133,0.02397525647742544,,,,
1882,0.001,adam,1883,38.91461229324341,0.0049416552573140335,0.0,0.019377561993804877,0.02431921725111891,,,,
1883,0.001,adam,1884,38.92551589012146,0.005011661264840751,0.0,0.032572556997145424,0.03758421826198617,,,,
1884,0.001,adam,1885,38.94523525238037,0.004962029384355194,0.0,0.04432809492457244,0.04929012430892763,,,,
1885,0.001,adam,1886,38.95518636703491,0.005051324769220553,0.0,0.04488329079328975,0.049934615562510304,,,,
1886,0.001,adam,1887,38.96590852737427,0.004959838755067428,0.0,0.026477022027479934,0.031436860782547364,,,,
1887,0.001,adam,1888,38.97915530204773,0.004965700342392109,0.0,0.020610061268513676,0.025575761610905787,,,,
1888,0.001,adam,1889,38.990029096603394,0.004985968967476681,0.0,0.03395923907980829,0.03894520804728497,,,,
1889,0.001,adam,1890,38.999245166778564,0.004952336004861462,0.0,0.042491636280597836,0.047443972285459296,,,,
1890,0.001,adam,1891,39.00934457778931,0.004928342037593152,0.0,0.03087419013925897,0.03580253217685212,,,,
1891,0.001,adam,1892,39.02179145812988,0.00493366465252244,0.0,0.0191833969487355,0.024117061601257938,,,,
1892,0.001,adam,1893,39.031821727752686,0.004967607377124439,0.0,0.02593931277644083,0.03090692015356527,,,,
1893,0.001,adam,1894,39.04176211357117,0.004990746370390775,0.0,0.04226711015267208,0.04725785652306286,,,,
1894,0.001,adam,1895,39.05654835700989,0.0049451558894170865,0.0,0.029279512930753888,0.03422466882017097,,,,
1895,0.001,adam,1896,39.07579946517944,0.004943272253944085,0.0,0.016763512908802403,0.02170678516274649,,,,
1896,0.001,adam,1897,39.08564591407776,0.004946429824494662,0.0,0.03908276336716897,0.04402919319166363,,,,
1897,0.001,adam,1898,39.096941232681274,0.004908625037411012,0.0,0.03369416365058803,0.03860278868799904,,,,
1898,0.001,adam,1899,39.11589455604553,0.00495728383174684,0.0,0.02434384583598629,0.029301129667733128,,,,
1899,0.001,adam,1900,39.134252309799194,0.004946651072002659,0.0,0.021302170594682736,0.026248821666685393,0.012228385038255877,0.0,0.01696182331734026,0.029190208355596138
1900,0.001,adam,1901,39.15381836891174,0.004959215313875879,0.0,0.018296188443546767,0.023255403757422646,,,,
1901,0.001,adam,1902,39.16590189933777,0.005003934372041918,0.0,0.023914904271271915,0.028918838643313835,,,,
1902,0.001,adam,1903,39.17683744430542,0.004997895064859911,0.0,0.025649837757239512,0.030647732822099424,,,,
1903,0.001,adam,1904,39.18618702888489,0.005070892543092401,0.0,0.019108544488291523,0.024179437031383925,,,,
1904,0.001,adam,1905,39.19668126106262,0.005038654482116261,0.0,0.01814353904909064,0.0231821935312069,,,,
1905,0.001,adam,1906,39.21392321586609,0.004983538355513726,0.0,0.01703787114465874,0.022021409500172465,,,,
1906,0.001,adam,1907,39.22543001174927,0.004988883685691079,0.0,0.01875309624795915,0.02374197993365023,,,,
1907,0.001,adam,1908,39.240957498550415,0.004983849081544758,0.0,0.01979734375865281,0.02478119284019757,,,,
1908,0.001,adam,1909,39.252113580703735,0.004980127832550332,0.0,0.01908263902107531,0.02406276685362564,,,,
1909,0.001,adam,1910,39.26303315162659,0.0049570526865436474,0.0,0.019425135522031737,0.024382188208575385,,,,
1910,0.001,adam,1911,39.274308919906616,0.004953899849615775,0.0,0.013351716698570215,0.01830561654818599,,,,
1911,0.001,adam,1912,39.28679537773132,0.004962138148516491,0.0,0.0149611573803233,0.019923295528839792,,,,
1912,0.001,adam,1913,39.303285360336304,0.0049981536625837006,0.0,0.025374215957945756,0.030372369620529457,,,,
1913,0.001,adam,1914,39.31382417678833,0.004946169215367326,0.0,0.013083400994344904,0.01802957020971223,,,,
1914,0.001,adam,1915,39.325685024261475,0.004909862787574599,0.0,0.017417634520142857,0.022327497307717457,,,,
1915,0.001,adam,1916,39.33702516555786,0.004900901658759008,0.0,0.0324501926458499,0.03735109430460891,,,,
1916,0.001,adam,1917,39.347200870513916,0.004885724088088196,0.0,0.01706959203825616,0.021955316126344354,,,,
1917,0.001,adam,1918,39.35742115974426,0.0048968094449549525,0.0,0.02356687686365514,0.028463686308610094,,,,
1918,0.001,adam,1919,39.366851806640625,0.004912137707898098,0.0,0.018990089435718265,0.023902227143616363,,,,
1919,0.001,adam,1920,39.377241373062134,0.004905996307517904,0.0,0.014007610700424361,0.018913607007942264,0.012343909832656704,0.0,0.016725882327208955,0.02906979215986566
1920,0.001,adam,1921,39.39675688743591,0.004910443793759923,0.0,0.014059493612848584,0.018969937406608506,,,,
1921,0.001,adam,1922,39.40919756889343,0.004890337894445484,0.0,0.016884854069506898,0.021775191963952382,,,,
1922,0.001,adam,1923,39.41964673995972,0.0048787739657706174,0.0,0.02622690445808674,0.031105678423857357,,,,
1923,0.001,adam,1924,39.43388915061951,0.004861898598448339,0.0,0.019205663822287704,0.024067562420736044,,,,
1924,0.001,adam,1925,39.443976163864136,0.0048488446136501825,0.0,0.023458532586684754,0.028307377200334938,,,,
1925,0.001,adam,1926,39.46088004112244,0.004878898471451023,0.0,0.021819443799699863,0.026698342271150886,,,,
1926,0.001,adam,1927,39.47210884094238,0.00486548555191083,0.0,0.021137291318791638,0.026002776870702467,,,,
1927,0.001,adam,1928,39.48380374908447,0.004884760773664339,0.0,0.014837412076287077,0.019722172849951418,,,,
1928,0.001,adam,1929,39.49660921096802,0.004931938676344497,0.0,0.02982795073994198,0.03475988941628648,,,,
1929,0.001,adam,1930,39.51304507255554,0.0049131508227430775,0.0,0.014780247342638797,0.019693398165381876,,,,
1930,0.001,adam,1931,39.53072142601013,0.0049067778135670525,0.0,0.015921991985544965,0.020828769799112017,,,,
1931,0.001,adam,1932,39.542386293411255,0.0048704064507398455,0.0,0.01938519051081935,0.024255596961559194,,,,
1932,0.001,adam,1933,39.55295252799988,0.004841206015008103,0.0,0.023634899819191035,0.02847610583419914,,,,
1933,0.001,adam,1934,39.5669367313385,0.00486190875715664,0.0,0.015122595156896419,0.01998450391405306,,,,
1934,0.001,adam,1935,39.58054280281067,0.004890011885262534,0.0,0.016396287561002882,0.021286299446265415,,,,
1935,0.001,adam,1936,39.59704852104187,0.004855696692925426,0.0,0.02435451900069361,0.029210215693619035,,,,
1936,0.001,adam,1937,39.62171268463135,0.004868880579473552,0.0,0.026470954710064838,0.03133983528953839,,,,
1937,0.001,adam,1938,39.634164333343506,0.004805333488798724,0.0,0.017066251363586544,0.021871584852385266,,,,
1938,0.001,adam,1939,39.65135669708252,0.004801197335455436,0.0,0.013229911803999923,0.01803110913945536,,,,
1939,0.001,adam,1940,39.66298460960388,0.0048015930249108735,0.0,0.01577362725249403,0.020575220277404903,0.012219542261067093,0.0,0.016792857481148293,0.029012399742215388
1940,0.001,adam,1941,39.69215393066406,0.0048030029922293644,0.0,0.01799914450183233,0.022802147494061696,,,,
1941,0.001,adam,1942,39.70405626296997,0.004786715408664034,0.0,0.013952967385116422,0.018739682793780455,,,,
1942,0.001,adam,1943,39.71483039855957,0.004804527239503484,0.0,0.023288335555123735,0.02809286279462722,,,,
1943,0.001,adam,1944,39.72735810279846,0.004759938870370676,0.0,0.01630006929410672,0.021060008164477395,,,,
1944,0.001,adam,1945,39.74591016769409,0.004766252073968909,0.0,0.013582764749179733,0.018349016823148642,,,,
1945,0.001,adam,1946,39.76142144203186,0.004763571624048209,0.0,0.0152735345960787,0.02003710622012691,,,,
1946,0.001,adam,1947,39.776423931121826,0.004777349211288527,0.0,0.015061031035720623,0.019838380247009152,,,,
1947,0.001,adam,1948,39.79249715805054,0.004758314764185078,0.0,0.026655475797027418,0.0314137905612125,,,,
1948,0.001,adam,1949,39.803800106048584,0.004758436977526203,0.0,0.014460091808343966,0.01921852878587017,,,,
1949,0.001,adam,1950,39.81489586830139,0.004758053258235984,0.0,0.01759624101999986,0.022354294278235844,,,,
1950,0.001,adam,1951,39.82564425468445,0.0047955904556786725,0.0,0.017152805585581236,0.021948396041259907,,,,
1951,0.001,adam,1952,39.83609747886658,0.004794358460224105,0.0,0.017697281628869497,0.0224916400890936,,,,
1952,0.001,adam,1953,39.84719252586365,0.004779314516880529,0.0,0.013892336390377406,0.018671650907257933,,,,
1953,0.001,adam,1954,39.865216970443726,0.004778024621335329,0.0,0.014560566051680199,0.019338590673015528,,,,
1954,0.001,adam,1955,39.88053584098816,0.004789009247740349,0.0,0.015545458887295032,0.02033446813503538,,,,
1955,0.001,adam,1956,39.89304232597351,0.004784414749978767,0.0,0.019057058132694964,0.02384147288267373,,,,
1956,0.001,adam,1957,39.92074155807495,0.004778347974727533,0.0,0.013800120601767416,0.01857846857649495,,,,
1957,0.001,adam,1958,39.93473839759827,0.004793519281860252,0.0,0.01680435186298494,0.02159787114484519,,,,
1958,0.001,adam,1959,39.960450172424316,0.004809739493564351,0.0,0.02140289507446601,0.026212634568030364,,,,
1959,0.001,adam,1960,39.972862005233765,0.004832858320190515,0.0,0.019823023067493978,0.024655881387684493,0.01203830259476321,0.0,0.017981058141026702,0.03001936073578991
1960,0.001,adam,1961,40.00127816200256,0.004814384792954139,0.0,0.017659587198783768,0.022473971991737906,,,,
1961,0.001,adam,1962,40.01263785362244,0.004800172593455782,0.0,0.019479454135919595,0.024279626729375378,,,,
1962,0.001,adam,1963,40.02365708351135,0.004798544688175352,0.0,0.021859110045790615,0.026657654733965967,,,,
1963,0.001,adam,1964,40.03311824798584,0.004809512415716389,0.0,0.016062689131004497,0.020872201546720887,,,,
1964,0.001,adam,1965,40.05328822135925,0.004800359821227836,0.0,0.020991228295293613,0.02579158811652145,,,,
1965,0.001,adam,1966,40.064271450042725,0.004782100240861298,0.0,0.025501729799112964,0.03028383003997426,,,,
1966,0.001,adam,1967,40.07503581047058,0.004739673068538328,0.0,0.03352734416091968,0.03826701722945801,,,,
1967,0.001,adam,1968,40.10118579864502,0.004788328708859591,0.0,0.04321648658931956,0.04800481529817915,,,,
1968,0.001,adam,1969,40.112717628479004,0.0047309181674173905,0.0,0.023165881134016075,0.027896799301433465,,,,
1969,0.001,adam,1970,40.13806891441345,0.004735901135041118,0.0,0.015569472341245389,0.020305373476286505,,,,
1970,0.001,adam,1971,40.153647661209106,0.004786354340382576,0.0,0.024211187412233288,0.028997541752615864,,,,
1971,0.001,adam,1972,40.164520263671875,0.004766396889741134,0.0,0.03774356913835718,0.04250996602809831,,,,
1972,0.001,adam,1973,40.17489171028137,0.004799259294542781,0.0,0.034881403592757744,0.03968066288730052,,,,
1973,0.001,adam,1974,40.184980392456055,0.0047260430577183874,0.0,0.015391183647072804,0.020117226704791193,,,,
1974,0.001,adam,1975,40.19518971443176,0.004717329397299835,0.0,0.026920889479064826,0.03163821887636466,,,,
1975,0.001,adam,1976,40.20636868476868,0.004757430832822223,0.0,0.030298614644042966,0.03505604547686519,,,,
1976,0.001,adam,1977,40.21871757507324,0.004716855806933147,0.0,0.018659875273781178,0.023376731080714325,,,,
1977,0.001,adam,1978,40.229695081710815,0.004699256531466649,0.0,0.015153192188222215,0.019852448719688866,,,,
1978,0.001,adam,1979,40.24963068962097,0.004729199821673643,0.0,0.03257393742039081,0.03730313724206445,,,,
1979,0.001,adam,1980,40.26591444015503,0.004707780461198313,0.0,0.05722982315324247,0.061937603614440784,0.012091951525846446,0.0,0.018083566939839806,0.030175518465686252
1980,0.001,adam,1981,40.28462600708008,0.004759115046699424,0.0,0.020262857572552057,0.02502197261925148,,,,
1981,0.001,adam,1982,40.29489803314209,0.0047730694993890245,0.0,0.02128669954453969,0.026059769043928715,,,,
1982,0.001,adam,1983,40.305171728134155,0.004706804031024999,0.0,0.03370683304744387,0.038413637078468864,,,,
1983,0.001,adam,1984,40.31588959693909,0.004730940764004283,0.0,0.02573304400456945,0.030463984768573732,,,,
1984,0.001,adam,1985,40.32742381095886,0.004705810909995385,0.0,0.017492857978481147,0.022198668888476533,,,,
1985,0.001,adam,1986,40.338067054748535,0.004724994151390208,0.0,0.019040594677459922,0.02376558882885013,,,,
1986,0.001,adam,1987,40.34733843803406,0.004792476644487235,0.0,0.020654889987106278,0.025447366631593513,,,,
1987,0.001,adam,1988,40.358139753341675,0.004788240481310835,0.0,0.014744388147592958,0.019532628628903793,,,,
1988,0.001,adam,1989,40.37376570701599,0.004762831085066434,0.0,0.015071860644227414,0.01983469172929385,,,,
1989,0.001,adam,1990,40.3905987739563,0.004750782486726943,0.0,0.02016483915576401,0.02491562164249095,,,,
1990,0.001,adam,1991,40.41468119621277,0.0047272895718079265,0.0,0.01609132557400777,0.020818615145815695,,,,
1991,0.001,adam,1992,40.42688250541687,0.004749895907399122,0.0,0.02233294630121416,0.027082842208613282,,,,
1992,0.001,adam,1993,40.43682789802551,0.004723420152810713,0.0,0.016171403781003686,0.0208948239338144,,,,
1993,0.001,adam,1994,40.463377237319946,0.004665985091174199,0.0,0.01806975458754928,0.022735739678723478,,,,
1994,0.001,adam,1995,40.47537708282471,0.004673523664874829,0.0,0.02290326998192476,0.02757679364679959,,,,
1995,0.001,adam,1996,40.486762285232544,0.004661875766102355,0.0,0.018993442302951698,0.023655318069054052,,,,
1996,0.001,adam,1997,40.49713158607483,0.00469234276772932,0.0,0.01647996078967177,0.02117230355740109,,,,
1997,0.001,adam,1998,40.507025480270386,0.0047034225578637835,0.0,0.01791344303053133,0.02261686558839511,,,,
1998,0.001,adam,1999,40.51956105232239,0.004664219586632273,0.0,0.01861892838593867,0.023283147972570944,,,,
1999,0.001,adam,2000,40.53235673904419,0.004676229394830142,0.0,0.01747508842311892,0.022151317817949063,0.012091412868182156,0.0,0.015007808381387693,0.02709922124956985
2000,0.001,adam,2001,40.557883977890015,0.004682907091598407,0.0,0.01640636651500714,0.021089273606605546,,,,
2001,0.001,adam,2002,40.568337202072144,0.004697896741734216,0.0,0.019060041226109554,0.02375793796784377,,,,
2002,0.001,adam,2003,40.58063006401062,0.004728503648669043,0.0,0.020041070007352522,0.024769573656021567,,,,
2003,0.001,adam,2004,40.600831508636475,0.0047247587249373574,0.0,0.017014811290045135,0.021739570014982494,,,,
2004,0.001,adam,2005,40.61361384391785,0.004703067533027641,0.0,0.0156827464400537,0.02038581397308134,,,,
2005,0.001,adam,2006,40.62309288978577,0.004675657941790315,0.0,0.02247785038572771,0.027153508327518026,,,,
2006,0.001,adam,2007,40.64126110076904,0.004659680346096458,0.0,0.01734334391103861,0.022003024257135066,,,,
2007,0.001,adam,2008,40.65077042579651,0.004650969692472465,0.0,0.01592743280553751,0.020578402498009976,,,,
2008,0.001,adam,2009,40.661884784698486,0.004656155218074881,0.0,0.017578240589541973,0.022234395807616852,,,,
2009,0.001,adam,2010,40.68095088005066,0.004642868040978557,0.0,0.009229917460790988,0.013872785501769545,,,,
2010,0.001,adam,2011,40.6906464099884,0.004654861879275173,0.0,0.014347036506866872,0.019001898386142045,,,,
2011,0.001,adam,2012,40.70517826080322,0.004665738361970345,0.0,0.01974066823634745,0.024406406598317797,,,,
2012,0.001,adam,2013,40.71463370323181,0.0046489207315250775,0.0,0.022256645869620728,0.026905566601145806,,,,
2013,0.001,adam,2014,40.724467515945435,0.004670290334486318,0.0,0.017249678805320447,0.021919969139806764,,,,
2014,0.001,adam,2015,40.73568844795227,0.004672909767323285,0.0,0.02257592578724958,0.027248835554572866,,,,
2015,0.001,adam,2016,40.74599862098694,0.004682097453322454,0.0,0.019427938999917196,0.02411003645323965,,,,
2016,0.001,adam,2017,40.75528955459595,0.00469901164028064,0.0,0.02432256435987125,0.02902157600015189,,,,
2017,0.001,adam,2018,40.76630926132202,0.004628612466557044,0.0,0.016635059423732508,0.021263671890289552,,,,
2018,0.001,adam,2019,40.77634334564209,0.004627431781185005,0.0,0.014207019855023411,0.018834451636208414,,,,
2019,0.001,adam,2020,40.79620122909546,0.004657323902124839,0.0,0.024673585180206785,0.029330909082331623,0.012039962311898734,0.0,0.023252270488591763,0.0352922328004905
2020,0.001,adam,2021,40.8183217048645,0.004699291993052605,0.0,0.02128186488306154,0.025981156876114145,,,,
2021,0.001,adam,2022,40.846068143844604,0.004661188684626749,0.0,0.013459541840941221,0.01812073052556797,,,,
2022,0.001,adam,2023,40.85534715652466,0.0046550196642945706,0.0,0.023164105044378498,0.02781912470867307,,,,
2023,0.001,adam,2024,40.8716356754303,0.004658858625152195,0.0,0.03057541264840184,0.03523427127355403,,,,
2024,0.001,adam,2025,40.885472774505615,0.004709667535917232,0.0,0.029735459239573193,0.03444512677549043,,,,
2025,0.001,adam,2026,40.894827365875244,0.004647193029197624,0.0,0.013829617941252297,0.01847681097044992,,,,
2026,0.001,adam,2027,40.9152307510376,0.004638676056443298,0.0,0.019534320952263755,0.024172997008707054,,,,
2027,0.001,adam,2028,40.92709708213806,0.00466254537457743,0.0,0.021530309093514537,0.02619285446809197,,,,
2028,0.001,adam,2029,40.93661904335022,0.0046255071207125225,0.0,0.197653819769287,0.20227932688999953,,,,
2029,0.001,adam,2030,40.949342489242554,0.004606141948367657,0.0,0.017618802275253594,0.02222494422362125,,,,
2030,0.001,adam,2031,40.95879125595093,0.004605510211863331,0.0,0.013014349676771647,0.01761985988863498,,,,
2031,0.001,adam,2032,40.970468282699585,0.004601104489227929,0.0,0.01921092630465564,0.023812030793883568,,,,
2032,0.001,adam,2033,40.982004165649414,0.004641921157118804,0.0,0.01624559532624434,0.020887516483363143,,,,
2033,0.001,adam,2034,40.99374556541443,0.0045908691910820105,0.0,0.014029129605523128,0.018619998796605138,,,,
2034,0.001,adam,2035,41.00485181808472,0.00456782495188291,0.0,0.013317959301570207,0.017885784253453118,,,,
2035,0.001,adam,2036,41.01764726638794,0.004568588863938993,0.0,0.01592827036445905,0.020496859228398043,,,,
2036,0.001,adam,2037,41.043126821517944,0.00455860588257192,0.0,0.015717074948720593,0.02027568083129251,,,,
2037,0.001,adam,2038,41.05891942977905,0.004551625853512034,0.0,0.015990731242084014,0.02054235709559605,,,,
2038,0.001,adam,2039,41.06895661354065,0.0045534644911471535,0.0,0.010261727653083369,0.014815192144230521,,,,
2039,0.001,adam,2040,41.07868456840515,0.004546830269349769,0.0,0.018834675502667025,0.023381505772016795,0.011803464950994363,0.0,0.01844917505351944,0.030252640004513803
2040,0.001,adam,2041,41.097673416137695,0.004547802754711053,0.0,0.01977649902731632,0.024324301782027373,,,,
2041,0.001,adam,2042,41.106844425201416,0.004523403642215213,0.0,0.02270637099277738,0.027229774634992595,,,,
2042,0.001,adam,2043,41.1197943687439,0.004532916905759493,0.0,0.01234591279405999,0.016878829699819485,,,,
2043,0.001,adam,2044,41.13429355621338,0.004522055136882284,0.0,0.013959929447170092,0.018481984584052376,,,,
2044,0.001,adam,2045,41.15167760848999,0.004516547628911443,0.0,0.02253022042736607,0.027046768056277513,,,,
2045,0.001,adam,2046,41.16570329666138,0.004534895512389161,0.0,0.023290383862008858,0.02782527937439802,,,,
2046,0.001,adam,2047,41.17804145812988,0.00452166615001582,0.0,0.017960183643474695,0.022481849793490515,,,,
2047,0.001,adam,2048,41.18830442428589,0.004536514714633389,0.0,0.016714747169498088,0.021251261884131477,,,,
2048,0.001,adam,2049,41.19920039176941,0.004582364739060284,0.0,0.01781046045082866,0.022392825189888943,,,,
2049,0.001,adam,2050,41.232203006744385,0.004550932260268492,0.0,0.015892524060389695,0.020443456320658186,,,,
2050,0.001,adam,2051,41.24321103096008,0.004554824955028332,0.0,0.01970479212012722,0.024259617075155553,,,,
2051,0.001,adam,2052,41.25432872772217,0.004582436721738377,0.0,0.019225272819375923,0.0238077095411143,,,,
2052,0.001,adam,2053,41.26625633239746,0.004567882454773134,0.0,0.016898644920399594,0.02146652737517273,,,,
2053,0.001,adam,2054,41.277509689331055,0.004581398836696234,0.0,0.015814922175344276,0.02039632101204051,,,,
2054,0.001,adam,2055,41.287896394729614,0.004597093530524889,0.0,0.016321976048164245,0.020919069578689133,,,,
2055,0.001,adam,2056,41.30253839492798,0.004575500938106384,0.0,0.020575162925499667,0.02515066386360605,,,,
2056,0.001,adam,2057,41.318931102752686,0.004535105189678136,0.0,0.018044347475210328,0.022579452664888464,,,,
2057,0.001,adam,2058,41.334320306777954,0.004512637776859998,0.0,0.015628359723970156,0.020140997500830156,,,,
2058,0.001,adam,2059,41.34404706954956,0.004517446615396283,0.0,0.013562215166618152,0.018079661782014436,,,,
2059,0.001,adam,2060,41.35959720611572,0.004571953546894777,0.0,0.018732289650021838,0.023304243196916614,0.011871304538403024,0.0,0.017879222490388424,0.029750527028791447
2060,0.001,adam,2061,41.37856936454773,0.004504050664236021,0.0,0.02354344193997198,0.028047492604208003,,,,
2061,0.001,adam,2062,41.39066123962402,0.004531780165217653,0.0,0.027668392178031763,0.032200172343249414,,,,
2062,0.001,adam,2063,41.40192699432373,0.004509938470604535,0.0,0.015415049958339654,0.01992498842894419,,,,
2063,0.001,adam,2064,41.422446727752686,0.004570394479274058,0.0,0.023531161452090478,0.028101555931364534,,,,
2064,0.001,adam,2065,41.434990882873535,0.004501163816578022,0.0,0.015687822766208632,0.020188986582786655,,,,
2065,0.001,adam,2066,41.44599771499634,0.004503106195374046,0.0,0.030667509176645756,0.0351706153720198,,,,
2066,0.001,adam,2067,41.45768976211548,0.004495992149031398,0.0,0.015434498627917953,0.01993049077694935,,,,
2067,0.001,adam,2068,41.46845579147339,0.004519430339132672,0.0,0.022815120657750158,0.02733455099688283,,,,
2068,0.001,adam,2069,41.4790403842926,0.00446798103369429,0.0,0.013373082165149607,0.017841063198843897,,,,
2069,0.001,adam,2070,41.51135063171387,0.004473265568963609,0.0,0.023727218332668824,0.028200483901632434,,,,
2070,0.001,adam,2071,41.5208535194397,0.004471860530522171,0.0,0.011968418693267669,0.01644027922378984,,,,
2071,0.001,adam,2072,41.5404896736145,0.004525113218502158,0.0,0.02018481845195374,0.024709931670455897,,,,
2072,0.001,adam,2073,41.55277919769287,0.0044960828479201215,0.0,0.010385059386856585,0.014881142234776707,,,,
2073,0.001,adam,2074,41.569519996643066,0.004518576015870913,0.0,0.02036183379125183,0.024880409807122743,,,,
2074,0.001,adam,2075,41.58929395675659,0.004523671288889094,0.0,0.013024055721294336,0.01754772701018343,,,,
2075,0.001,adam,2076,41.598763942718506,0.004559812177692861,0.0,0.01685122719149667,0.02141103936918953,,,,
2076,0.001,adam,2077,41.61203718185425,0.004527145617997646,0.0,0.019239851115288194,0.02376699673328584,,,,
2077,0.001,adam,2078,41.62495303153992,0.004537922049740606,0.0,0.03358764979737926,0.038125571847119864,,,,
2078,0.001,adam,2079,41.63470721244812,0.004473471044856535,0.0,0.014624118510355527,0.019097589555212062,,,,
2079,0.001,adam,2080,41.64385676383972,0.004475288522902423,0.0,0.022327864311067876,0.0268031528339703,0.011802952102629037,0.0,0.01852919867991041,0.030332150782539445
2080,0.001,adam,2081,41.66462779045105,0.004492474622395615,0.0,0.02296676796643332,0.027459242588828935,,,,
2081,0.001,adam,2082,41.67864966392517,0.004517161265539917,0.0,0.029323507271481298,0.033840668537021217,,,,
2082,0.001,adam,2083,41.68830227851868,0.004506952924068539,0.0,0.017940409258296798,0.022447362182365337,,,,
2083,0.001,adam,2084,41.69899797439575,0.004526708989744716,0.0,0.01704694011334594,0.021573649103090654,,,,
2084,0.001,adam,2085,41.715983867645264,0.004493168589979962,0.0,0.03278308610352168,0.03727625469350164,,,,
2085,0.001,adam,2086,41.72903108596802,0.0045267571549835834,0.0,0.036527515895859494,0.041054273050843075,,,,
2086,0.001,adam,2087,41.741060733795166,0.004473686478989481,0.0,0.010837514900103658,0.015311201379093139,,,,
2087,0.001,adam,2088,41.757949352264404,0.004487068957508973,0.0,0.022925376724813592,0.027412445682322564,,,,
2088,0.001,adam,2089,41.76963686943054,0.004490463096356258,0.0,0.054337295722276545,0.0588277588186328,,,,
2089,0.001,adam,2090,41.78500318527222,0.004469907529193317,0.0,0.08905830474306302,0.09352821227225634,,,,
2090,0.001,adam,2091,41.79614019393921,0.0044979876458881305,0.0,0.023123134748162882,0.027621122394051012,,,,
2091,0.001,adam,2092,41.80640769004822,0.004545873366986622,0.0,0.015284218280855402,0.019830091647842024,,,,
2092,0.001,adam,2093,41.82155156135559,0.0045213274679722516,0.0,0.03161803750924012,0.03613936497721237,,,,
2093,0.001,adam,2094,41.83173680305481,0.004534008319143372,0.0,0.024887324562305788,0.029421332881449158,,,,
2094,0.001,adam,2095,41.843910932540894,0.004456465219144666,0.0,0.017137105864529285,0.02159357108367395,,,,
2095,0.001,adam,2096,41.862459897994995,0.004431759094482691,0.0,0.021363229213115464,0.025794988307598153,,,,
2096,0.001,adam,2097,41.87685823440552,0.0044294741342717995,0.0,0.019571463366952632,0.02400093750122443,,,,
2097,0.001,adam,2098,41.886943101882935,0.004406235422597901,0.0,0.016187690197033613,0.020593925619631512,,,,
2098,0.001,adam,2099,41.8982789516449,0.004398427641324535,0.0,0.01782318208780157,0.022221609729126107,,,,
2099,0.001,adam,2100,41.911935329437256,0.004454255563707572,0.0,0.027592671933009565,0.032046927496717136,0.011813564750113663,0.0,0.024117521658815748,0.03593108640892941
2100,0.001,adam,2101,41.9345965385437,0.004416918449359377,0.0,0.028261551342935794,0.03267846979229517,,,,
2101,0.001,adam,2102,41.94383978843689,0.004419967490909338,0.0,0.015486463370118409,0.019906430861027745,,,,
2102,0.001,adam,2103,41.95782709121704,0.00442284498517771,0.0,0.01836237809551911,0.022785223080696818,,,,
2103,0.001,adam,2104,41.97270965576172,0.004385887885972948,0.0,0.01580916442790558,0.02019505231387853,,,,
2104,0.001,adam,2105,41.98380494117737,0.004379889460759219,0.0,0.026947757635493667,0.03132764709625289,,,,
2105,0.001,adam,2106,41.99269509315491,0.004375299283458078,0.0,0.01542182273524966,0.019797122018707737,,,,
2106,0.001,adam,2107,42.0036039352417,0.004368308266421422,0.0,0.015394898966610443,0.019763207233031866,,,,
2107,0.001,adam,2108,42.01648545265198,0.0043976587263905575,0.0,0.01443164707280504,0.018829305799195596,,,,
2108,0.001,adam,2109,42.026397466659546,0.004402544798682159,0.0,0.014139963152994633,0.018542507951676793,,,,
2109,0.001,adam,2110,42.03907299041748,0.004380292834200576,0.0,0.013424512961042068,0.017804805795242643,,,,
2110,0.001,adam,2111,42.05481457710266,0.004356049700306601,0.0,0.01256755682120603,0.016923606521512632,,,,
2111,0.001,adam,2112,42.065753698349,0.004351926876655678,0.0,0.012280748934186902,0.01663267581084258,,,,
2112,0.001,adam,2113,42.07631254196167,0.004358692159458295,0.0,0.013417001262546455,0.01777569342200475,,,,
2113,0.001,adam,2114,42.08751606941223,0.004370050876649973,0.0,0.01194641197099525,0.01631646284764522,,,,
2114,0.001,adam,2115,42.10015034675598,0.004369219674029351,0.0,0.01352859462768125,0.017897814301710602,,,,
2115,0.001,adam,2116,42.11268997192383,0.004364199767549023,0.0,0.012366245371447641,0.016730445138996665,,,,
2116,0.001,adam,2117,42.139472246170044,0.004361944077379618,0.0,0.012433019660322998,0.016794963737702617,,,,
2117,0.001,adam,2118,42.14892315864563,0.004357183765484627,0.0,0.014030767351055245,0.01838795111653987,,,,
2118,0.001,adam,2119,42.16185259819031,0.004366900908155957,0.0,0.012333209079212464,0.01670010998736842,,,,
2119,0.001,adam,2120,42.17271852493286,0.004378981642865922,0.0,0.011450947298187278,0.0158299289410532,0.011704756251825632,0.0,0.012888863021178767,0.0245936192730044
2120,0.001,adam,2121,42.19657635688782,0.004384687303516962,0.0,0.009235732898053291,0.013620420201570255,,,,
2121,0.001,adam,2122,42.20858073234558,0.004365849539653522,0.0,0.015656254739805166,0.020022104279458688,,,,
2122,0.001,adam,2123,42.21872591972351,0.004348811117451964,0.0,0.016567038785739986,0.020915849903191952,,,,
2123,0.001,adam,2124,42.23264455795288,0.004351647816643981,0.0,0.023242933931971535,0.027594581748615517,,,,
2124,0.001,adam,2125,42.248448610305786,0.004342790402782031,0.0,0.010620266929224378,0.014963057332006409,,,,
2125,0.001,adam,2126,42.25997614860535,0.004335253055707418,0.0,0.011760096400373083,0.0160953494560805,,,,
2126,0.001,adam,2127,42.28004765510559,0.004329368616163449,0.0,0.013175115871673115,0.017504484487836564,,,,
2127,0.001,adam,2128,42.290021657943726,0.004344460313966832,0.0,0.019221412014373405,0.02356587232834024,,,,
2128,0.001,adam,2129,42.29959321022034,0.004313488748348928,0.0,0.01327921021376538,0.01759269896211431,,,,
2129,0.001,adam,2130,42.310601472854614,0.004300767509401558,0.0,0.01580212651387561,0.020102894023277168,,,,
2130,0.001,adam,2131,42.322691202163696,0.0043268593771656335,0.0,0.01958230159267787,0.023909160969843503,,,,
2131,0.001,adam,2132,42.332587480545044,0.004312071299070801,0.0,0.017167201930610332,0.021479273229681132,,,,
2132,0.001,adam,2133,42.34226632118225,0.004320116698410716,0.0,0.01392929568497217,0.018249412383382888,,,,
2133,0.001,adam,2134,42.3619487285614,0.0043476541893974485,0.0,0.01828923899719573,0.02263689318659318,,,,
2134,0.001,adam,2135,42.3733332157135,0.00433480702359838,0.0,0.014225728706073176,0.018560535729671555,,,,
2135,0.001,adam,2136,42.38280749320984,0.004366759430988803,0.0,0.01217668233124978,0.016543441762238584,,,,
2136,0.001,adam,2137,42.39294934272766,0.00436498172587392,0.0,0.014778168672819156,0.019143150398693076,,,,
2137,0.001,adam,2138,42.4089937210083,0.004341999280821927,0.0,0.017303892384795856,0.021645891665617784,,,,
2138,0.001,adam,2139,42.4261999130249,0.004353953559437885,0.0,0.020275939104810417,0.024629892664248303,,,,
2139,0.001,adam,2140,42.43707728385925,0.004323627989043078,0.0,0.013629043529406942,0.017952671518450022,0.011710304491296659,0.0,0.012256175395049631,0.02396647988634629
2140,0.001,adam,2141,42.46443486213684,0.004312758058519474,0.0,0.010811485021723622,0.015124243080243096,,,,
2141,0.001,adam,2142,42.4742591381073,0.0043192613927246805,0.0,0.016869444559662338,0.02118870595238702,,,,
2142,0.001,adam,2143,42.48465347290039,0.004298727655235848,0.0,0.0234997687314015,0.027798496386637346,,,,
2143,0.001,adam,2144,42.501919746398926,0.004303196094415481,0.0,0.013710416783136514,0.018013612877551995,,,,
2144,0.001,adam,2145,42.513171672821045,0.004291837174640792,0.0,0.0153969343412101,0.01968877151585089,,,,
2145,0.001,adam,2146,42.53100085258484,0.004288570135272098,0.0,0.023939031137292822,0.02822760127256492,,,,
2146,0.001,adam,2147,42.567134857177734,0.004339340486444487,0.0,0.02298133775675071,0.027320678243195198,,,,
2147,0.001,adam,2148,42.57750344276428,0.004280530244240375,0.0,0.024271458577303194,0.02855198882154357,,,,
2148,0.001,adam,2149,42.589813470840454,0.004289344617688238,0.0,0.013661050116130603,0.01795039473381884,,,,
2149,0.001,adam,2150,42.61078953742981,0.004294219826774466,0.0,0.011347372404296452,0.01564159223107092,,,,
2150,0.001,adam,2151,42.62444090843201,0.004272024553247697,0.0,0.014208557620395607,0.018480582173643303,,,,
2151,0.001,adam,2152,42.64456796646118,0.004265292611989975,0.0,0.014204398630833226,0.018469691242823202,,,,
2152,0.001,adam,2153,42.66049027442932,0.0042764891699979286,0.0,0.013021638707636608,0.017298127877634538,,,,
2153,0.001,adam,2154,42.66982555389404,0.004268657382193693,0.0,0.01163681019533904,0.015905467577532733,,,,
2154,0.001,adam,2155,42.68497347831726,0.004239955517131103,0.0,0.01563280594772255,0.01987276146485365,,,,
2155,0.001,adam,2156,42.69485425949097,0.00422342993879164,0.0,0.011272404814128948,0.015495834752920587,,,,
2156,0.001,adam,2157,42.706276416778564,0.0042175078578870935,0.0,0.015294293010246327,0.019511800868133422,,,,
2157,0.001,adam,2158,42.71643137931824,0.00423063583432436,0.0,0.01171490903079821,0.01594554486512257,,,,
2158,0.001,adam,2159,42.730088233947754,0.0042232178213432526,0.0,0.22496617237726327,0.2291893901986065,,,,
2159,0.001,adam,2160,42.739978313446045,0.0042224452323930675,0.0,0.014693681503799138,0.018916126736192206,0.01152403580289032,0.0,0.011995171285300006,0.023519207088190327
2160,0.001,adam,2161,42.76675295829773,0.004210886852903605,0.0,0.012534866071340906,0.01674575292424451,,,,
2161,0.001,adam,2162,42.77775287628174,0.0042129263332677256,0.0,0.010668928388268707,0.014881854721536431,,,,
2162,0.001,adam,2163,42.79781150817871,0.00421985940192032,0.0,0.011710260636830828,0.015930120038751147,,,,
2163,0.001,adam,2164,42.80786085128784,0.004225777797998531,0.0,0.016657884143136743,0.020883661941135275,,,,
2164,0.001,adam,2165,42.81950783729553,0.004237600047131058,0.0,0.010806365404781273,0.01504396545191233,,,,
2165,0.001,adam,2166,42.829888105392456,0.004243389084893602,0.0,0.011043885760432939,0.015287274845326541,,,,
2166,0.001,adam,2167,42.84236669540405,0.00423153711048126,0.0,0.013029174874303764,0.017260711984785022,,,,
2167,0.001,adam,2168,42.8565354347229,0.0042410694359046736,0.0,0.012150801878641324,0.016391871314545996,,,,
2168,0.001,adam,2169,42.86743664741516,0.004261726607936357,0.0,0.016814281332651948,0.021076007940588306,,,,
2169,0.001,adam,2170,42.878121852874756,0.004251759505968004,0.0,0.021499757809949345,0.02575151731591735,,,,
2170,0.001,adam,2171,42.88851499557495,0.004251787662340257,0.0,0.01636227080926505,0.020614058471605308,,,,
2171,0.001,adam,2172,42.90478324890137,0.004228638348961944,0.0,0.013258651569720259,0.017487289918682203,,,,
2172,0.001,adam,2173,42.917900800704956,0.004220242211249583,0.0,0.010328984808838058,0.014549227020087641,,,,
2173,0.001,adam,2174,42.92801880836487,0.004245269628899817,0.0,0.01335316968686932,0.017598439315769137,,,,
2174,0.001,adam,2175,42.94305348396301,0.00422454541567536,0.0,0.016623997704523264,0.020848543120198626,,,,
2175,0.001,adam,2176,42.954230070114136,0.004227575162043003,0.0,0.012420155960943365,0.01664773112298637,,,,
2176,0.001,adam,2177,42.96484851837158,0.004227811759804416,0.0,0.015424910877968498,0.019652722637772915,,,,
2177,0.001,adam,2178,42.97474908828735,0.004217160924720642,0.0,0.01822130954516473,0.022438470469885372,,,,
2178,0.001,adam,2179,42.98397088050842,0.004216604326155957,0.0,0.011177479834504811,0.015394084160660768,,,,
2179,0.001,adam,2180,42.9940459728241,0.0042217648383884475,0.0,0.012456869102620987,0.016678633941009435,0.011609219116851914,0.0,0.018038350198783797,0.02964756931563571
2180,0.001,adam,2181,43.01148009300232,0.004202144752144634,0.0,0.020001874026174232,0.024204018778318865,,,,
2181,0.001,adam,2182,43.02242827415466,0.004207153982811402,0.0,0.012123040622425803,0.016330194605237207,,,,
2182,0.001,adam,2183,43.03320097923279,0.0041948347494618985,0.0,0.01831874916625969,0.022513583915721586,,,,
2183,0.001,adam,2184,43.045172929763794,0.004176968546068835,0.0,0.0186003993652114,0.022777367911280235,,,,
2184,0.001,adam,2185,43.058701276779175,0.004216480117237621,0.0,0.019331965526104646,0.023548445643342266,,,,
2185,0.001,adam,2186,43.07206845283508,0.0042003251197899215,0.0,0.01414512562943408,0.018345450749224,,,,
2186,0.001,adam,2187,43.0823974609375,0.0041776358122587315,0.0,0.01447845722627165,0.018656093038530382,,,,
2187,0.001,adam,2188,43.091827630996704,0.004201963232642421,0.0,0.018262170535377653,0.022464133768020075,,,,
2188,0.001,adam,2189,43.10126495361328,0.00419578448062228,0.0,0.018831833731883376,0.023027618212505655,,,,
2189,0.001,adam,2190,43.111568212509155,0.004265833970939827,0.0,0.020053916772240193,0.02431975074318002,,,,
2190,0.001,adam,2191,43.12589621543884,0.0042339513456463515,0.0,0.012904469991769769,0.01713842133741612,,,,
2191,0.001,adam,2192,43.13703799247742,0.004195221310292385,0.0,0.019478537855009942,0.023673759165302326,,,,
2192,0.001,adam,2193,43.15085792541504,0.004219755438576015,0.0,0.018102658963441917,0.02232241440201793,,,,
2193,0.001,adam,2194,43.16466045379639,0.004246506395764012,0.0,0.013226503034208187,0.0174730094299722,,,,
2194,0.001,adam,2195,43.174689531326294,0.0042728116204574715,0.0,0.01304563949075499,0.01731845111121246,,,,
2195,0.001,adam,2196,43.185914039611816,0.004276335886771162,0.0,0.019102845626845295,0.023379181513616457,,,,
2196,0.001,adam,2197,43.19599509239197,0.004258470983115147,0.0,0.031051618130250768,0.03531008911336592,,,,
2197,0.001,adam,2198,43.207545042037964,0.004238565885793749,0.0,0.017336706908656074,0.021575272794449825,,,,
2198,0.001,adam,2199,43.21825861930847,0.00423136814198903,0.0,0.015480342672482028,0.019711710814471057,,,,
2199,0.001,adam,2200,43.22823357582092,0.004192672527996957,0.0,0.019595218307031297,0.023787890835028254,0.011635577528616306,0.0,0.023689588004946034,0.03532516553356234
2200,0.001,adam,2201,43.24997639656067,0.004225032663766797,0.0,0.026507857196533646,0.03073288986030044,,,,
2201,0.001,adam,2202,43.270230531692505,0.004190767388494551,0.0,0.015548857412847773,0.019739624801342323,,,,
2202,0.001,adam,2203,43.281792879104614,0.00420637759113171,0.0,0.01873999662238799,0.0229463742135197,,,,
2203,0.001,adam,2204,43.295283794403076,0.004222886182645358,0.0,0.024176134410749638,0.028399020593394997,,,,
2204,0.001,adam,2205,43.31232523918152,0.0042153095780185805,0.0,0.022738149566854743,0.026953459144873324,,,,
2205,0.001,adam,2206,43.32337689399719,0.00421801074999969,0.0,0.011212820796120817,0.015430831546120507,,,,
2206,0.001,adam,2207,43.334436893463135,0.004235375505044318,0.0,0.015376098114384049,0.019611473619428367,,,,
2207,0.001,adam,2208,43.344178915023804,0.004177739962803644,0.0,0.022182304662993427,0.026360044625797073,,,,
2208,0.001,adam,2209,43.35770893096924,0.0041871111039666,0.0,0.028068008068664413,0.03225511917263101,,,,
2209,0.001,adam,2210,43.37537479400635,0.004148913425732436,0.0,0.014927760452571385,0.01907667387830382,,,,
2210,0.001,adam,2211,43.38636589050293,0.004165014837590091,0.0,0.013502902223284,0.01766791706087409,,,,
2211,0.001,adam,2212,43.396772146224976,0.00418574316318471,0.0,0.018432864533580805,0.022618607696765516,,,,
2212,0.001,adam,2213,43.41390013694763,0.0041705567179264645,0.0,0.02180108446154781,0.025971641179474272,,,,
2213,0.001,adam,2214,43.42464303970337,0.004166589924094431,0.0,0.01620502855158321,0.02037161847567764,,,,
2214,0.001,adam,2215,43.43731093406677,0.0041800683860051735,0.0,0.014612406065147233,0.018792474451152407,,,,
2215,0.001,adam,2216,43.45276761054993,0.0041711682488855826,0.0,0.01581881539078711,0.019989983639672693,,,,
2216,0.001,adam,2217,43.47375798225403,0.004176702371331622,0.0,0.011655042296083737,0.015831744667415357,,,,
2217,0.001,adam,2218,43.48384618759155,0.004165636396990188,0.0,0.014632654724074401,0.01879829112106459,,,,
2218,0.001,adam,2219,43.494593381881714,0.004163463590676558,0.0,0.018129423151455475,0.022292886742132034,,,,
2219,0.001,adam,2220,43.504903078079224,0.004159124785493518,0.0,0.01560983352222343,0.019768958307716945,0.011526540472337744,0.0,0.014048882723542428,0.025575423195880173
2220,0.001,adam,2221,43.52189254760742,0.004122581366135776,0.0,0.013370124257104177,0.017492705623239953,,,,
2221,0.001,adam,2222,43.53281617164612,0.004122224784801464,0.0,0.011777666235173784,0.01589989101997525,,,,
2222,0.001,adam,2223,43.5446994304657,0.0041185616224228075,0.0,0.013520271886212711,0.01763883350863552,,,,
2223,0.001,adam,2224,43.554922580718994,0.004132485048108933,0.0,0.016161026084018253,0.020293511132127184,,,,
2224,0.001,adam,2225,43.56615161895752,0.004114615636716559,0.0,0.011750816251523202,0.015865431888239762,,,,
2225,0.001,adam,2226,43.58281135559082,0.004114754229192731,0.0,0.014853411411657769,0.0189681656408505,,,,
2226,0.001,adam,2227,43.59206819534302,0.004124594751141614,0.0,0.015492699940412363,0.019617294691553978,,,,
2227,0.001,adam,2228,43.60477161407471,0.004161969308899051,0.0,0.01849015708468276,0.02265212639358181,,,,
2228,0.001,adam,2229,43.624990940093994,0.004137901768575136,0.0,0.026448427258308642,0.03058632902688378,,,,
2229,0.001,adam,2230,43.63543891906738,0.004115171720480273,0.0,0.01770891265915861,0.021824084379638883,,,,
2230,0.001,adam,2231,43.6506621837616,0.004142395507713278,0.0,0.017053730892362264,0.02119612640007554,,,,
2231,0.001,adam,2232,43.66079139709473,0.004135049861960374,0.0,0.015705741937375218,0.01984079179933559,,,,
2232,0.001,adam,2233,43.68560791015625,0.004137211025297773,0.0,0.014173429075742238,0.018310640101040013,,,,
2233,0.001,adam,2234,43.69978642463684,0.004124143264638033,0.0,0.017066895375383022,0.021191038640021056,,,,
2234,0.001,adam,2235,43.709288597106934,0.004110610717488456,0.0,0.01257194093760291,0.016682551655091367,,,,
2235,0.001,adam,2236,43.72002816200256,0.004128488235017226,0.0,0.010047753234697063,0.01417624146971429,,,,
2236,0.001,adam,2237,43.743449211120605,0.004150328474355653,0.0,0.011726773278517389,0.015877101752873043,,,,
2237,0.001,adam,2238,43.75266695022583,0.004133685532740323,0.0,0.01329098011183542,0.017424665644575742,,,,
2238,0.001,adam,2239,43.76242446899414,0.0041348678190561705,0.0,0.017497318344807444,0.021632186163863615,,,,
2239,0.001,adam,2240,43.776631116867065,0.004136338174069277,0.0,0.012671407444004587,0.016807745618073865,0.011461437175498197,0.0,0.01426445179825781,0.02572588897375601
2240,0.001,adam,2241,43.80363154411316,0.004134196643186485,0.0,0.012988310726398788,0.017122507369585274,,,,
2241,0.001,adam,2242,43.8151752948761,0.0041249948765420385,0.0,0.016298314386514655,0.020423309263056695,,,,
2242,0.001,adam,2243,43.825867652893066,0.0041141288644322566,0.0,0.021026153407769393,0.02514028227220165,,,,
2243,0.001,adam,2244,43.83539938926697,0.004119766638595566,0.0,0.009229187180297218,0.013348953818892784,,,,
2244,0.001,adam,2245,43.84491038322449,0.004146827680480835,0.0,0.0140096784236654,0.018156506104146236,,,,
2245,0.001,adam,2246,43.863802909851074,0.00412884143027407,0.0,0.020081422734080267,0.024210264164354338,,,,
2246,0.001,adam,2247,43.87431025505066,0.004084653362911882,0.0,0.01289910267831063,0.016983756041222514,,,,
2247,0.001,adam,2248,43.884576082229614,0.004081834940368511,0.0,0.015903114981177247,0.019984949921545758,,,,
2248,0.001,adam,2249,43.895060300827026,0.004089881753094213,0.0,0.02221446578076095,0.026304347533855164,,,,
2249,0.001,adam,2250,43.907721281051636,0.004150249411740842,0.0,0.018960995323046452,0.023111244734787293,,,,
2250,0.001,adam,2251,43.918421030044556,0.004099147002312526,0.0,0.015305671749378552,0.019404818751691078,,,,
2251,0.001,adam,2252,43.92795276641846,0.004069841235973391,0.0,0.01756473913604287,0.021634580372016262,,,,
2252,0.001,adam,2253,43.938759088516235,0.004098303601406614,0.0,0.024678521231714805,0.02877682483312142,,,,
2253,0.001,adam,2254,43.949408769607544,0.004072231378020793,0.0,0.020547530197011506,0.0246197615750323,,,,
2254,0.001,adam,2255,43.95954489707947,0.004057067688820129,0.0,0.011265242601321172,0.0153223102901413,,,,
2255,0.001,adam,2256,43.969833850860596,0.004067506378843673,0.0,0.01649449736931477,0.020562003748158444,,,,
2256,0.001,adam,2257,43.98180389404297,0.00404901078039803,0.0,0.02118627568132757,0.0252352864617256,,,,
2257,0.001,adam,2258,43.99139332771301,0.004048314480167444,0.0,0.013202677921324651,0.017250992401492096,,,,
2258,0.001,adam,2259,44.003806591033936,0.004029119279512986,0.0,0.013587266098030482,0.017616385377543467,,,,
2259,0.001,adam,2260,44.01565480232239,0.004036027751033305,0.0,0.027723625603114505,0.03175965335414781,0.011335743320655152,0.0,0.026250319127045646,0.037586062447700797
2260,0.001,adam,2261,44.034127712249756,0.004041424821248602,0.0,0.024054793182068386,0.028096218003316988,,,,
2261,0.001,adam,2262,44.04493260383606,0.004040629557585614,0.0,0.01559009357867545,0.019630723136261064,,,,
2262,0.001,adam,2263,44.05602812767029,0.00405160319110308,0.0,0.016050018666779277,0.020101621857882356,,,,
2263,0.001,adam,2264,44.0661461353302,0.004088437138289719,0.0,0.02134235322801405,0.02543079036630377,,,,
2264,0.001,adam,2265,44.077101707458496,0.0040655639496054155,0.0,0.014431238273588992,0.018496802223194407,,,,
2265,0.001,adam,2266,44.08758234977722,0.004066206519022827,0.0,0.014282904050360482,0.01834911056938331,,,,
2266,0.001,adam,2267,44.100740909576416,0.00409428419573695,0.0,0.025049611937651338,0.02914389613338829,,,,
2267,0.001,adam,2268,44.111438512802124,0.004004955980940597,0.0,0.021466887914126737,0.025471843895067334,,,,
2268,0.001,adam,2269,44.124722957611084,0.004016140928790486,0.0,0.015352671172784448,0.019368812101574935,,,,
2269,0.001,adam,2270,44.134990215301514,0.0040141615039726184,0.0,0.010827497166819949,0.014841658670792568,,,,
2270,0.001,adam,2271,44.14503622055054,0.004027179701827591,0.0,0.013912651490895381,0.017939831192722973,,,,
2271,0.001,adam,2272,44.15513205528259,0.0040189934376217255,0.0,0.012374701872633764,0.016393695310255488,,,,
2272,0.001,adam,2273,44.165130376815796,0.0040274527888516775,0.0,0.013120585452580488,0.017148038241432163,,,,
2273,0.001,adam,2274,44.17812967300415,0.004051230137221324,0.0,0.022190169995565175,0.0262414001327865,,,,
2274,0.001,adam,2275,44.190343618392944,0.004094978564704128,0.0,0.01851227730171005,0.022607255866414176,,,,
2275,0.001,adam,2276,44.20042634010315,0.004042622261851031,0.0,0.016178252338108788,0.020220874599959818,,,,
2276,0.001,adam,2277,44.2109854221344,0.00401764445730912,0.0,0.011319696758455459,0.015337341215764579,,,,
2277,0.001,adam,2278,44.220388650894165,0.0040119438895523845,0.0,0.013001941412381693,0.017013885301934078,,,,
2278,0.001,adam,2279,44.23823666572571,0.004016778763885235,0.0,0.015216805989387053,0.01923358475327229,,,,
2279,0.001,adam,2280,44.24883961677551,0.004024195599507781,0.0,0.012663567866691053,0.016687763466198834,0.01134024761803788,0.0,0.011732773506172493,0.023073021124210374
2280,0.001,adam,2281,44.27083230018616,0.003999556889457674,0.0,0.010075728438220735,0.014075285327678409,,,,
2281,0.001,adam,2282,44.28155875205994,0.003975714951194923,0.0,0.011316554240946686,0.015292269192141609,,,,
2282,0.001,adam,2283,44.29392910003662,0.003977710286128175,0.0,0.017292059529516936,0.02126976981564511,,,,
2283,0.001,adam,2284,44.3033013343811,0.003988476633252324,0.0,0.011975581175088443,0.015964057808340766,,,,
2284,0.001,adam,2285,44.31270718574524,0.00397322238702127,0.0,0.010300874212508224,0.014274096599529495,,,,
2285,0.001,adam,2286,44.32208514213562,0.00398474505292001,0.0,0.01211361010250988,0.01609835515542989,,,,
2286,0.001,adam,2287,44.33429193496704,0.003987691165012718,0.0,0.014145594841023183,0.0181332860060359,,,,
2287,0.001,adam,2288,44.348064661026,0.004005782769524481,0.0,0.012588331675196116,0.016594114444720597,,,,
2288,0.001,adam,2289,44.367531299591064,0.004013947936873964,0.0,0.01052610416217786,0.014540052099051824,,,,
2289,0.001,adam,2290,44.38386940956116,0.004007342748340566,0.0,0.009704520083673965,0.013711862832014532,,,,
2290,0.001,adam,2291,44.39388966560364,0.004008498595354255,0.0,0.01454035555560117,0.018548854150955425,,,,
2291,0.001,adam,2292,44.405102014541626,0.004026999647352072,0.0,0.015195252865342726,0.0192222525126948,,,,
2292,0.001,adam,2293,44.41455936431885,0.003995460839835403,0.0,0.010748483433502409,0.014743944273337813,,,,
2293,0.001,adam,2294,44.43499398231506,0.003993676203508033,0.0,0.012454009675142685,0.016447685878650718,,,,
2294,0.001,adam,2295,44.445271015167236,0.004006056939485978,0.0,0.012082971829514191,0.016089028769000167,,,,
2295,0.001,adam,2296,44.456515073776245,0.003992366867245988,0.0,0.030855122858852103,0.034847489726098094,,,,
2296,0.001,adam,2297,44.471086740493774,0.003995944791437494,0.0,0.011418853161029294,0.015414797952466787,,,,
2297,0.001,adam,2298,44.481409311294556,0.004023891046558129,0.0,0.012733444028414701,0.01675733507497283,,,,
2298,0.001,adam,2299,44.49554920196533,0.0040314024224926805,0.0,0.011085954956991443,0.015117357379484123,,,,
2299,0.001,adam,2300,44.50993490219116,0.004024764209752235,0.0,0.010880380573925876,0.01490514478367811,0.011421049858586892,0.0,0.012022345835501795,0.023443395694088688
2300,0.001,adam,2301,44.54024076461792,0.003989803995927838,0.0,0.010939846960252993,0.014929650956180832,,,,
2301,0.001,adam,2302,44.54995846748352,0.003967801826423198,0.0,0.010878113843941491,0.014845915670364689,,,,
2302,0.001,adam,2303,44.561840534210205,0.00397153278973338,0.0,0.012442238943528439,0.01641377173326182,,,,
2303,0.001,adam,2304,44.571808099746704,0.003974182824999587,0.0,0.013235566569348007,0.017209749394347593,,,,
2304,0.001,adam,2305,44.58844327926636,0.003963289069184358,0.0,0.01065955953093902,0.014622848600123377,,,,
2305,0.001,adam,2306,44.599244594573975,0.003957762427184893,0.0,0.011999358704195797,0.01595712113138069,,,,
2306,0.001,adam,2307,44.609068155288696,0.003957355700201908,0.0,0.009509176675013688,0.013466532375215596,,,,
2307,0.001,adam,2308,44.62001895904541,0.003965638911212199,0.0,0.015654685070190626,0.019620323981402826,,,,
2308,0.001,adam,2309,44.63693618774414,0.003958054475719269,0.0,0.011128869321426645,0.015086923797145914,,,,
2309,0.001,adam,2310,44.64684176445007,0.003932541896717929,0.0,0.010728630247712447,0.014661172144430377,,,,
2310,0.001,adam,2311,44.65920853614807,0.0039304324958942295,0.0,0.015353105749964329,0.01928353824585856,,,,
2311,0.001,adam,2312,44.6690993309021,0.003956806890532915,0.0,0.014768226479061753,0.01872503336959467,,,,
2312,0.001,adam,2313,44.68018054962158,0.003950734639367259,0.0,0.011887704128847017,0.015838438768214277,,,,
2313,0.001,adam,2314,44.69329309463501,0.003942935618142257,0.0,0.008349413752142308,0.012292349370284564,,,,
2314,0.001,adam,2315,44.7039692401886,0.003935845521146629,0.0,0.012893167460010652,0.01682901298115728,,,,
2315,0.001,adam,2316,44.71356272697449,0.0039410052875070625,0.0,0.015435621291396306,0.01937662657890337,,,,
2316,0.001,adam,2317,44.72511577606201,0.003973080402057943,0.0,0.009199831609749593,0.013172912011807536,,,,
2317,0.001,adam,2318,44.736165285110474,0.003975493331852204,0.0,0.010010726627243376,0.01398621995909558,,,,
2318,0.001,adam,2319,44.74870228767395,0.003973373590851451,0.0,0.01570460358031147,0.01967797717116292,,,,
2319,0.001,adam,2320,44.759554624557495,0.00395542692115006,0.0,0.010134777737701196,0.014090204658851257,0.011356352357507614,0.0,0.011218166057181572,0.022574518414689188
2320,0.001,adam,2321,44.78778409957886,0.003935565255592316,0.0,0.01099091696916488,0.014926482224757197,,,,
2321,0.001,adam,2322,44.80563497543335,0.00393899150395371,0.0,0.010532455299656768,0.014471446803610477,,,,
2322,0.001,adam,2323,44.81569290161133,0.0039408208390865635,0.0,0.01334394708902234,0.0172847679281089,,,,
2323,0.001,adam,2324,44.82641911506653,0.003936131957505876,0.0,0.011464094008658126,0.015400225966164001,,,,
2324,0.001,adam,2325,44.83691692352295,0.003938811985931798,0.0,0.010681907586147052,0.01462071957207885,,,,
2325,0.001,adam,2326,44.852824687957764,0.003935316648295311,0.0,0.012890446607985573,0.016825763256280886,,,,
2326,0.001,adam,2327,44.869792461395264,0.003938119946926278,0.0,0.012684777910123003,0.01662289785704928,,,,
2327,0.001,adam,2328,44.88779139518738,0.003951878146790716,0.0,0.011065000988988813,0.015016879135779529,,,,
2328,0.001,adam,2329,44.898505210876465,0.003937626123845955,0.0,0.010830099076777625,0.01476772520062358,,,,
2329,0.001,adam,2330,44.91119861602783,0.003928913304379262,0.0,0.01008556782557278,0.014014481129952043,,,,
2330,0.001,adam,2331,44.92589020729065,0.003916414895225396,0.0,0.018076665293194474,0.02199308018841987,,,,
2331,0.001,adam,2332,44.93789839744568,0.003918434653033234,0.0,0.010001764480283056,0.01392019913331629,,,,
2332,0.001,adam,2333,44.9480459690094,0.003900919530353964,0.0,0.013364040236884561,0.017264959767238526,,,,
2333,0.001,adam,2334,44.95954179763794,0.003894766041904403,0.0,0.01364170159793775,0.017536467639842155,,,,
2334,0.001,adam,2335,44.97418165206909,0.0039018508488636973,0.0,0.011838828468431612,0.01574067931729531,,,,
2335,0.001,adam,2336,44.984429597854614,0.0038951704326366868,0.0,0.01246119516031771,0.0163563655929544,,,,
2336,0.001,adam,2337,45.00023674964905,0.003906726317832848,0.0,0.013395442906289117,0.017302169224121963,,,,
2337,0.001,adam,2338,45.010103940963745,0.0038907675674932332,0.0,0.013886972433281256,0.01777774000077449,,,,
2338,0.001,adam,2339,45.019986629486084,0.003881591911286052,0.0,0.01043144268841897,0.014313034599705022,,,,
2339,0.001,adam,2340,45.041362047195435,0.0038815540493238173,0.0,0.013001388075247746,0.016882942124571563,0.01135292506335423,0.0,0.013501269532932866,0.024854194596287096
2340,0.001,adam,2341,45.0850625038147,0.0038920440092531853,0.0,0.014569875837966656,0.01846191984721984,,,,
2341,0.001,adam,2342,45.096612215042114,0.003895758124874644,0.0,0.012545017901681424,0.016440776026556067,,,,
2342,0.001,adam,2343,45.10747575759888,0.003905522287294981,0.0,0.011671084493053284,0.015576606780348265,,,,
2343,0.001,adam,2344,45.11894512176514,0.003884048637383577,0.0,0.009972110280962475,0.013856158918346052,,,,
2344,0.001,adam,2345,45.13918375968933,0.0038897013777121417,0.0,0.010171632898978832,0.014061334276690974,,,,
2345,0.001,adam,2346,45.15928387641907,0.003919699514374313,0.0,0.013413827246195867,0.017333526760570178,,,,
2346,0.001,adam,2347,45.16899037361145,0.003917983511455904,0.0,0.010373966542491495,0.0142919500539474,,,,
2347,0.001,adam,2348,45.18744659423828,0.003889634042931849,0.0,0.009934104363651467,0.013823738406583316,,,,
2348,0.001,adam,2349,45.20831084251404,0.0038976793097000727,0.0,0.010632399919588979,0.01453007922928905,,,,
2349,0.001,adam,2350,45.23249316215515,0.003895639281092012,0.0,0.009713708003625598,0.01360934728471761,,,,
2350,0.001,adam,2351,45.2445604801178,0.0038921994250878137,0.0,0.01021208199288933,0.014104281417977142,,,,
2351,0.001,adam,2352,45.25983142852783,0.0038891110336527297,0.0,0.009575605539153393,0.013464716572806124,,,,
2352,0.001,adam,2353,45.27042603492737,0.0038744405282607535,0.0,0.011647419314639779,0.015521859842900533,,,,
2353,0.001,adam,2354,45.279892683029175,0.003882042888880651,0.0,0.01234121983020816,0.01622326271908881,,,,
2354,0.001,adam,2355,45.2902193069458,0.003899109240636888,0.0,0.014352816342745512,0.0182519255833824,,,,
2355,0.001,adam,2356,45.30366230010986,0.0038782190131800807,0.0,0.015808973854280227,0.019687192867460308,,,,
2356,0.001,adam,2357,45.31457185745239,0.0038584552241318873,0.0,0.01421458349935859,0.01807303872349048,,,,
2357,0.001,adam,2358,45.32683348655701,0.0038568637645812697,0.0,0.011311988554999907,0.015168852319581178,,,,
2358,0.001,adam,2359,45.3645441532135,0.003873324871919965,0.0,0.012632494283675985,0.01650581915559595,,,,
2359,0.001,adam,2360,45.38207507133484,0.003856988034317047,0.0,0.009719557686644165,0.013576545720961213,0.011359654040935866,0.0,0.011342878032757148,0.022702532073693014
2360,0.001,adam,2361,45.402363777160645,0.0038632425391456806,0.0,0.014050012560089222,0.0179132550992349,,,,
2361,0.001,adam,2362,45.41744923591614,0.003893489974451924,0.0,0.015433811609553521,0.019327301584005446,,,,
2362,0.001,adam,2363,45.42760443687439,0.003876320421663432,0.0,0.017099478952728224,0.020975799374391656,,,,
2363,0.001,adam,2364,45.438979387283325,0.003877907742693571,0.0,0.013561162486477452,0.017439070229171023,,,,
2364,0.001,adam,2365,45.455090045928955,0.003857483197688889,0.0,0.012061228601131244,0.015918711798820134,,,,
2365,0.001,adam,2366,45.4646852016449,0.0038521813981802376,0.0,0.011556628047427705,0.015408809445607942,,,,
2366,0.001,adam,2367,45.479454040527344,0.0038706590084984773,0.0,0.015776907159552423,0.0196475661680509,,,,
2367,0.001,adam,2368,45.489683628082275,0.003856039828852453,0.0,0.012137780822263425,0.01599382065111588,,,,
2368,0.001,adam,2369,45.503926277160645,0.0038159318848388917,0.0,0.013138927042165663,0.016954858927004556,,,,
2369,0.001,adam,2370,45.51461100578308,0.003815401155245447,0.0,0.015201945705433095,0.019017346860678543,,,,
2370,0.001,adam,2371,45.525179386138916,0.0038253316734277736,0.0,0.01644185975286706,0.020267191426294833,,,,
2371,0.001,adam,2372,45.53964376449585,0.0038416322816487436,0.0,0.016386539023419116,0.02022817130506786,,,,
2372,0.001,adam,2373,45.55095624923706,0.003814867073101225,0.0,0.009693758069590979,0.013508625142692205,,,,
2373,0.001,adam,2374,45.562559604644775,0.0038102091793971336,0.0,0.01312448349913739,0.016934692678534525,,,,
2374,0.001,adam,2375,45.58090138435364,0.0038301279448635425,0.0,0.015634683222595258,0.019464811167458802,,,,
2375,0.001,adam,2376,45.592620611190796,0.0038264903112537273,0.0,0.025115967386070998,0.028942457697324724,,,,
2376,0.001,adam,2377,45.604442834854126,0.0038218422355288002,0.0,0.014365147614759325,0.018186989850288125,,,,
2377,0.001,adam,2378,45.61747860908508,0.0038207073187721662,0.0,0.01186169926809393,0.015682406586866097,,,,
2378,0.001,adam,2379,45.627511739730835,0.0038278987803285207,0.0,0.013816295878612234,0.017644194658940755,,,,
2379,0.001,adam,2380,45.64523887634277,0.0038461263910532025,0.0,0.01368835092917956,0.017534477320232764,0.011123335801805755,0.0,0.010741778573843603,0.021865114375649357
2380,0.001,adam,2381,45.66554117202759,0.003807833299865607,0.0,0.010028413538557018,0.013836246838422625,,,,
2381,0.001,adam,2382,45.6786470413208,0.00383069965319306,0.0,0.014973099794700979,0.018803799447894037,,,,
2382,0.001,adam,2383,45.689849853515625,0.003865912652819877,0.0,0.013940035186986558,0.017805947839806435,,,,
2383,0.001,adam,2384,45.7078332901001,0.00389959035325753,0.0,0.021539875614694372,0.0254394659679519,,,,
2384,0.001,adam,2385,45.718915700912476,0.0038384348080914093,0.0,0.014073910872011073,0.01791234568010248,,,,
2385,0.001,adam,2386,45.73444318771362,0.0038069587428077693,0.0,0.012930519034292315,0.016737477777100086,,,,
2386,0.001,adam,2387,45.769712924957275,0.0038313072426762133,0.0,0.011986989123868856,0.015818296366545068,,,,
2387,0.001,adam,2388,45.77972602844238,0.0039051499434660042,0.0,0.019876721860567038,0.02378187180403304,,,,
2388,0.001,adam,2389,45.79369115829468,0.0038291424432881234,0.0,0.01515649757459441,0.018985640017882534,,,,
2389,0.001,adam,2390,45.80526804924011,0.0038107253518005996,0.0,0.03205324203297538,0.03586396738477598,,,,
2390,0.001,adam,2391,45.816033124923706,0.0038104432888085835,0.0,0.013163209692610742,0.016973652981419327,,,,
2391,0.001,adam,2392,45.82706904411316,0.0038203746560725007,0.0,0.012895704464375223,0.016716079120447723,,,,
2392,0.001,adam,2393,45.86510753631592,0.003839259723386553,0.0,0.01326912612346337,0.017108385846849924,,,,
2393,0.001,adam,2394,45.87563395500183,0.003796007463110451,0.0,0.013510620845897001,0.017306628309007453,,,,
2394,0.001,adam,2395,45.892282009124756,0.003805749394362363,0.0,0.014424035816939278,0.01822978521130164,,,,
2395,0.001,adam,2396,45.906046867370605,0.0037943926114902718,0.0,0.008955105789811204,0.012749498401301476,,,,
2396,0.001,adam,2397,45.924588203430176,0.0038150344449080177,0.0,0.01475286801315458,0.0185679024580626,,,,
2397,0.001,adam,2398,45.93818807601929,0.003824571840560101,0.0,0.019555191233228703,0.023379763073788803,,,,
2398,0.001,adam,2399,45.952938079833984,0.0038056473466988447,0.0,0.02009480105145797,0.023900448398156814,,,,
2399,0.001,adam,2400,45.964051485061646,0.003807668839607752,0.0,0.01304050088197906,0.01684816972158681,0.011230584187342995,0.0,0.013594224554678208,0.024824808742021205
2400,0.001,adam,2401,45.98853874206543,0.003837185472034199,0.0,0.012986114147809872,0.016823299619844072,,,,
2401,0.001,adam,2402,46.00196576118469,0.0038456094467822642,0.0,0.015331468960500244,0.01917707840728251,,,,
2402,0.001,adam,2403,46.012030363082886,0.003872571063959131,0.0,0.013305277028930085,0.017177848092889216,,,,
2403,0.001,adam,2404,46.02368974685669,0.003855239369752796,0.0,0.013123311561325419,0.016978550931078217,,,,
2404,0.001,adam,2405,46.043036460876465,0.003818977001982237,0.0,0.014236953644812445,0.01805593064679468,,,,
2405,0.001,adam,2406,46.0534987449646,0.0037881263843907707,0.0,0.013691017427049545,0.017479143811440317,,,,
2406,0.001,adam,2407,46.063679695129395,0.003803799111183739,0.0,0.0158471983246917,0.01965099743587544,,,,
2407,0.001,adam,2408,46.07835555076599,0.003852230360746187,0.0,0.020149951003252807,0.024002181363998995,,,,
2408,0.001,adam,2409,46.091275215148926,0.0038300872974999906,0.0,0.028891320894472373,0.03272140819197236,,,,
2409,0.001,adam,2410,46.10128426551819,0.0037890556989036775,0.0,0.022100314599387532,0.02588937029829121,,,,
2410,0.001,adam,2411,46.11636543273926,0.0037827189187953462,0.0,0.020066155736120216,0.023848874654915562,,,,
2411,0.001,adam,2412,46.13011646270752,0.003787759440817929,0.0,0.014059747770969022,0.01784750721178695,,,,
2412,0.001,adam,2413,46.14693737030029,0.003778767202614223,0.0,0.009784123001439488,0.01356289020405371,,,,
2413,0.001,adam,2414,46.158716678619385,0.0037783144521729476,0.0,0.01726724695378623,0.021045561405959177,,,,
2414,0.001,adam,2415,46.16915774345398,0.0037819132698380725,0.0,0.010116927876728696,0.013898841146566768,,,,
2415,0.001,adam,2416,46.17945599555969,0.003787179439000277,0.0,0.013828077538674488,0.017615256977674763,,,,
2416,0.001,adam,2417,46.189229011535645,0.003788841168950306,0.0,0.010273050276238241,0.014061891445188547,,,,
2417,0.001,adam,2418,46.20425343513489,0.0037605396332274946,0.0,0.010430629461333768,0.014191169094561263,,,,
2418,0.001,adam,2419,46.2147696018219,0.003750898228606522,0.0,0.01381909170538324,0.01756998993398976,,,,
2419,0.001,adam,2420,46.22709918022156,0.003787470919237987,0.0,0.010637869219643412,0.0144253401388814,0.011120639909802214,0.0,0.012022502259800467,0.02314314216960268
2420,0.001,adam,2421,46.247299671173096,0.0037918479511458497,0.0,0.01117100088043844,0.014962848831584288,,,,
2421,0.001,adam,2422,46.26074814796448,0.00376797168975701,0.0,0.0222663212924089,0.02603429298216591,,,,
2422,0.001,adam,2423,46.274975299835205,0.003767219276360742,0.0,0.02346044551943013,0.027227664795790873,,,,
2423,0.001,adam,2424,46.285868644714355,0.0037545236724249517,0.0,0.020708578240606727,0.02446310191303168,,,,
2424,0.001,adam,2425,46.296937465667725,0.0037597476923718815,0.0,0.01778752871192197,0.021547276404293852,,,,
2425,0.001,adam,2426,46.30809283256531,0.003776610040585326,0.0,0.011434586948448313,0.01521119698903364,,,,
2426,0.001,adam,2427,46.32848572731018,0.0038193793590470147,0.0,0.012487218271429682,0.016306597630476698,,,,
2427,0.001,adam,2428,46.36538743972778,0.0038554777257741057,0.0,0.020570246214993534,0.02442572394076764,,,,
2428,0.001,adam,2429,46.379780292510986,0.003750175999571178,0.0,0.015963518869146598,0.019713694868717775,,,,
2429,0.001,adam,2430,46.392494440078735,0.0037367165483756506,0.0,0.01350320270746575,0.0172399192558414,,,,
2430,0.001,adam,2431,46.40436363220215,0.003755717142535425,0.0,0.01046184523404121,0.014217562376576634,,,,
2431,0.001,adam,2432,46.415422677993774,0.003800581309520604,0.0,0.014020231363067912,0.017820812672588515,,,,
2432,0.001,adam,2433,46.42601537704468,0.0038128439612506704,0.0,0.016136721897441236,0.019949565858691905,,,,
2433,0.001,adam,2434,46.43790793418884,0.0037956136382275908,0.0,0.015986453053416616,0.019782066691644208,,,,
2434,0.001,adam,2435,46.44768500328064,0.003806552166906376,0.0,0.018166932748284105,0.02197348491519048,,,,
2435,0.001,adam,2436,46.45901703834534,0.0037731154415862815,0.0,0.013474860197104973,0.017247975638691255,,,,
2436,0.001,adam,2437,46.47039318084717,0.003756370490326737,0.0,0.008875346073954618,0.012631716564281355,,,,
2437,0.001,adam,2438,46.48813033103943,0.0037442082100752963,0.0,0.008917971571364402,0.012662179781439699,,,,
2438,0.001,adam,2439,46.49887299537659,0.0037319370722832227,0.0,0.011588667714067774,0.015320604786350996,,,,
2439,0.001,adam,2440,46.50979566574097,0.0037452468043930737,0.0,0.008581562305200213,0.012326809109593287,0.011227349279338114,0.0,0.01080059094821527,0.022027940227553385
2440,0.001,adam,2441,46.53073859214783,0.003770611044505689,0.0,0.011673113563291626,0.015443724607797315,,,,
2441,0.001,adam,2442,46.54606294631958,0.0037733207793543117,0.0,0.015449787717763364,0.019223108497117676,,,,
2442,0.001,adam,2443,46.55605959892273,0.003812735548854086,0.0,0.019124105781187378,0.022936841330041462,,,,
2443,0.001,adam,2444,46.569037437438965,0.003733761737101833,0.0,0.013397897812344258,0.017131659549446093,,,,
2444,0.001,adam,2445,46.580713510513306,0.0037073027032855227,0.0,0.011325337414070656,0.015032640117356178,,,,
2445,0.001,adam,2446,46.59172010421753,0.0037460539436786145,0.0,0.016616520655000282,0.020362574598678896,,,,
2446,0.001,adam,2447,46.60242414474487,0.0037618868661315847,0.0,0.01713542689156857,0.020897313757700157,,,,
2447,0.001,adam,2448,46.61577606201172,0.0037482519342476968,0.0,0.013406368571433644,0.01715462050568134,,,,
2448,0.001,adam,2449,46.632617235183716,0.0037242053941764944,0.0,0.01180991528068137,0.015534120674857864,,,,
2449,0.001,adam,2450,46.64385271072388,0.0037202368697881994,0.0,0.009688334577772208,0.013408571447560408,,,,
2450,0.001,adam,2451,46.65503239631653,0.0037517908584615628,0.0,0.02067080630310683,0.024422597161568395,,,,
2451,0.001,adam,2452,46.66763782501221,0.003711819223674649,0.0,0.02171246620123652,0.02542428542491117,,,,
2452,0.001,adam,2453,46.68208861351013,0.0036988982568614067,0.0,0.0151702372212781,0.018869135478139506,,,,
2453,0.001,adam,2454,46.69415354728699,0.003677985335509355,0.0,0.01239552625505028,0.016073511590559635,,,,
2454,0.001,adam,2455,46.7050085067749,0.0036652245857530046,0.0,0.015869120535437695,0.019534345121190698,,,,
2455,0.001,adam,2456,46.71661376953125,0.0037020486156957013,0.0,0.03165964604342186,0.035361694659117565,,,,
2456,0.001,adam,2457,46.72753167152405,0.003663066367153851,0.0,0.02564388558403652,0.02930695195119037,,,,
2457,0.001,adam,2458,46.737030267715454,0.003680108853649285,0.0,0.021783461104181827,0.02546356995783111,,,,
2458,0.001,adam,2459,46.74716234207153,0.0036618166120167724,0.0,0.010925939737328017,0.01458775634934479,,,,
2459,0.001,adam,2460,46.766794204711914,0.0036600431910637833,0.0,0.02076756066224574,0.024427603853309523,0.011050015664028084,0.0,0.027768030795562948,0.038818046459591034
2460,0.001,adam,2461,46.79288601875305,0.0036783175816830697,0.0,0.02677743943539159,0.03045575701707466,,,,
2461,0.001,adam,2462,46.80211591720581,0.003680303690711794,0.0,0.044294201726924685,0.04797450541763648,,,,
2462,0.001,adam,2463,46.811848640441895,0.003641269969445515,0.0,0.022902279199453555,0.02654354916889907,,,,
2463,0.001,adam,2464,46.82345414161682,0.0036498370529000736,0.0,0.017181305576116652,0.020831142629016725,,,,
2464,0.001,adam,2465,46.83346390724182,0.0036404341555204677,0.0,0.014491948566569195,0.01813238272208966,,,,
2465,0.001,adam,2466,46.847118854522705,0.0037164123455598903,0.0,0.02434343432613288,0.02805984667169277,,,,
2466,0.001,adam,2467,46.874473333358765,0.0036680825213339812,0.0,0.20521358518491878,0.20888166770625277,,,,
2467,0.001,adam,2468,46.886479139328,0.0036680269938906937,0.0,0.02030233326589841,0.023970360259789103,,,,
2468,0.001,adam,2469,46.903624057769775,0.003664616379325549,0.0,0.020866625275330047,0.024531241654655596,,,,
2469,0.001,adam,2470,46.92103171348572,0.003727641245007949,0.0,0.030588167281909422,0.034315808526917374,,,,
2470,0.001,adam,2471,46.93343758583069,0.003753044881202152,0.0,0.03593190437321153,0.03968494925441368,,,,
2471,0.001,adam,2472,46.94533371925354,0.00372076007663802,0.0,0.019816837916496202,0.02353759799313422,,,,
2472,0.001,adam,2473,46.96060538291931,0.0037258008792954824,0.0,0.01980992765266907,0.02353572853196455,,,,
2473,0.001,adam,2474,46.97287464141846,0.0037723147316947926,0.0,0.025216002740991356,0.02898831747268615,,,,
2474,0.001,adam,2475,46.98536443710327,0.0037136714676387224,0.0,0.02419397081066718,0.027907642278305902,,,,
2475,0.001,adam,2476,47.00906562805176,0.0036674677182154313,0.0,0.020427701459859164,0.024095169178074596,,,,
2476,0.001,adam,2477,47.02255415916443,0.003699583958256187,0.0,0.033407960295933015,0.037107544254189204,,,,
2477,0.001,adam,2478,47.034234285354614,0.0037000923165508163,0.0,0.035650331504483726,0.03935042382103454,,,,
2478,0.001,adam,2479,47.044167041778564,0.0037417988234900966,0.0,0.02483765885953644,0.028579457683026537,,,,
2479,0.001,adam,2480,47.063164472579956,0.0037153132492876778,0.0,0.015135096754089685,0.018850410003377362,0.011588481986238432,0.0,0.03886882590592689,0.05045730789216532
2480,0.001,adam,2481,47.0848274230957,0.0037241351761875914,0.0,0.037058181820522104,0.04078231699670969,,,,
2481,0.001,adam,2482,47.11710572242737,0.0037086120127700155,0.0,0.025148581549265997,0.02885719356203601,,,,
2482,0.001,adam,2483,47.128268241882324,0.003735418244123834,0.0,0.019888232662128295,0.02362365090625213,,,,
2483,0.001,adam,2484,47.14040517807007,0.003706667113588165,0.0,0.02402341249611161,0.027730079609699775,,,,
2484,0.001,adam,2485,47.15296173095703,0.0037658881852364583,0.0,0.03125268201132612,0.03501857019656258,,,,
2485,0.001,adam,2486,47.163628578186035,0.0037116295497567897,0.0,0.01578873581428009,0.01950036536403688,,,,
2486,0.001,adam,2487,47.180623292922974,0.003714481185292267,0.0,0.011929400065195587,0.015643881250487855,,,,
2487,0.001,adam,2488,47.202014207839966,0.0036837877272515515,0.0,0.01717148148075562,0.020855269208007173,,,,
2488,0.001,adam,2489,47.221428632736206,0.0036577752029814245,0.0,0.019067502602824873,0.0227252778058063,,,,
2489,0.001,adam,2490,47.23299431800842,0.00367105560632256,0.0,0.013343021056622485,0.017014076662945046,,,,
2490,0.001,adam,2491,47.258549213409424,0.0036941170364093315,0.0,0.013659240436229758,0.01735335747263909,,,,
2491,0.001,adam,2492,47.27057957649231,0.0036959321119744712,0.0,0.02061854547257999,0.02431447758455446,,,,
2492,0.001,adam,2493,47.29208159446716,0.0036713535380985853,0.0,0.02173985003674011,0.025411203574838694,,,,
2493,0.001,adam,2494,47.30410695075989,0.003669019596124947,0.0,0.027772045069024687,0.031441064665149634,,,,
2494,0.001,adam,2495,47.31444025039673,0.0037085578941252434,0.0,0.01347764451175934,0.017186202405884584,,,,
2495,0.001,adam,2496,47.329325437545776,0.0037452917720115163,0.0,0.021397067750465883,0.025142359522477398,,,,
2496,0.001,adam,2497,47.34282898902893,0.003697547131900883,0.0,0.029007870805147405,0.03270541793704829,,,,
2497,0.001,adam,2498,47.35769510269165,0.0036937117616096422,0.0,0.02258618936202537,0.026279901123635013,,,,
2498,0.001,adam,2499,47.38995170593262,0.0036608707203594545,0.0,0.014693766595697577,0.01835463731605703,,,,
2499,0.001,adam,2500,47.41139888763428,0.003670383688077785,0.0,0.027806058407814582,0.03147644209589237,0.011235822977211377,0.0,0.034117258484178785,0.045353081461390166
2500,0.001,adam,2501,47.44532871246338,0.0036853930478170736,0.0,0.03547942448333753,0.039164817531154604,,,,
2501,0.001,adam,2502,47.45617628097534,0.0036535766309952924,0.0,0.016697124681537133,0.020350701312532426,,,,
2502,0.001,adam,2503,47.471017837524414,0.0036585620633201453,0.0,0.014547264784303465,0.01820582684762361,,,,
2503,0.001,adam,2504,47.48159408569336,0.003696035593712608,0.0,0.02816410890342804,0.03186014449714065,,,,
2504,0.001,adam,2505,47.49267506599426,0.0036818256217626614,0.0,0.023783724421426143,0.027465550043188805,,,,
2505,0.001,adam,2506,47.5069534778595,0.003655396076209387,0.0,0.01305118483389468,0.016706580910104067,,,,
2506,0.001,adam,2507,47.53737425804138,0.0036959996686703428,0.0,0.033082270087697555,0.036778269756367894,,,,
2507,0.001,adam,2508,47.55007863044739,0.003649983221949648,0.0,0.03089857226108712,0.034548555483036765,,,,
2508,0.001,adam,2509,47.567837953567505,0.003599796175969772,0.0,0.011525541533722506,0.015125337709692278,,,,
2509,0.001,adam,2510,47.57878017425537,0.0036138434077101996,0.0,0.017432654923250156,0.021046498330960357,,,,
2510,0.001,adam,2511,47.60217022895813,0.0036001159196052904,0.0,0.023906045414638727,0.027506161334244016,,,,
2511,0.001,adam,2512,47.614460945129395,0.0036109521972709064,0.0,0.012887036948661588,0.016497989145932493,,,,
2512,0.001,adam,2513,47.62833642959595,0.003610354412946677,0.0,0.012475239702659926,0.016085594115606602,,,,
2513,0.001,adam,2514,47.64176154136658,0.0035959813838169065,0.0,0.013243304094096117,0.016839285477913024,,,,
2514,0.001,adam,2515,47.65305733680725,0.0035790629834361294,0.0,0.009790669097688841,0.01336973208112497,,,,
2515,0.001,adam,2516,47.67181444168091,0.0035964319962041085,0.0,0.01179099629756684,0.01538742829377095,,,,
2516,0.001,adam,2517,47.69192051887512,0.0035964443900475826,0.0,0.017487444903591626,0.021083889293639208,,,,
2517,0.001,adam,2518,47.702582597732544,0.0036023590727866646,0.0,0.010178948903250825,0.01378130797603749,,,,
2518,0.001,adam,2519,47.71398687362671,0.003598317181519664,0.0,0.01122886499563237,0.014827182177152034,,,,
2519,0.001,adam,2520,47.72494626045227,0.003593050310219759,0.0,0.01302367374425063,0.01661672405447039,0.010977843170057159,0.0,0.014338262650903965,0.025316105820961124
2520,0.001,adam,2521,47.74670124053955,0.0035949289322522774,0.0,0.012288548553779376,0.015883477486031652,,,,
2521,0.001,adam,2522,47.75918126106262,0.0035811364606918613,0.0,0.009540321325986107,0.013121457786677969,,,,
2522,0.001,adam,2523,47.777010440826416,0.003564859147786198,0.0,0.012529443945015192,0.01609430309280139,,,,
2523,0.001,adam,2524,47.78805184364319,0.0035654055716688522,0.0,0.01232183475174996,0.015887240323418813,,,,
2524,0.001,adam,2525,47.80248975753784,0.0035727510994422564,0.0,0.008270828906943329,0.011843580006385586,,,,
2525,0.001,adam,2526,47.81399464607239,0.003565518765271177,0.0,0.01064355987189823,0.014209078637169406,,,,
2526,0.001,adam,2527,47.824565172195435,0.0035521411005990165,0.0,0.009178787395272133,0.01273092849587115,,,,
2527,0.001,adam,2528,47.83547067642212,0.003550596346453767,0.0,0.011388298217688577,0.014938894564142345,,,,
2528,0.001,adam,2529,47.84536337852478,0.00356372178299772,0.0,0.010265578067151188,0.01382929985014891,,,,
2529,0.001,adam,2530,47.85913610458374,0.0035625413082249623,0.0,0.009494004468289607,0.013056545776514569,,,,
2530,0.001,adam,2531,47.877145528793335,0.0035581412560417385,0.0,0.010270229300846107,0.013828370556887846,,,,
2531,0.001,adam,2532,47.888195514678955,0.0035553226736984274,0.0,0.010906610805053757,0.014461933478752183,,,,
2532,0.001,adam,2533,47.89999198913574,0.003552739027930638,0.0,0.011448492673868178,0.015001231701798816,,,,
2533,0.001,adam,2534,47.90981483459473,0.003567569095466781,0.0,0.01456209406437528,0.01812966315984206,,,,
2534,0.001,adam,2535,47.9219925403595,0.0035812522652494275,0.0,0.011604176103988955,0.015185428369238384,,,,
2535,0.001,adam,2536,47.931373596191406,0.003557681017580618,0.0,0.012088509421807938,0.015646190439388558,,,,
2536,0.001,adam,2537,47.94192099571228,0.00355823587881936,0.0,0.01229710699643421,0.01585534287525357,,,,
2537,0.001,adam,2538,47.955564737319946,0.003554038009340144,0.0,0.00908837839316442,0.012642416402504564,,,,
2538,0.001,adam,2539,47.970282793045044,0.0035439107838569654,0.0,0.007262452063821173,0.01080636284767814,,,,
2539,0.001,adam,2540,47.981194496154785,0.003541343463315203,0.0,0.013210669744069706,0.01675201320738491,0.011021649588735288,0.0,0.010728828236203478,0.021750477824938767
2540,0.001,adam,2541,48.00067448616028,0.003545743244274031,0.0,0.01121282953662656,0.014758572780900592,,,,
2541,0.001,adam,2542,48.01565957069397,0.0035678208990689146,0.0,0.012823214436753438,0.016391035335822354,,,,
2542,0.001,adam,2543,48.03903317451477,0.003546012491092726,0.0,0.01016677178715405,0.013712784278246775,,,,
2543,0.001,adam,2544,48.049073219299316,0.0035352907348921284,0.0,0.011008383861052438,0.014543674595944566,,,,
2544,0.001,adam,2545,48.06705403327942,0.003553934895836554,0.0,0.012560357957997278,0.016114292853833832,,,,
2545,0.001,adam,2546,48.08256912231445,0.003552942711879713,0.0,0.009410941131597862,0.012963883843477575,,,,
2546,0.001,adam,2547,48.092934370040894,0.003538343088899798,0.0,0.00972166980843315,0.013260012897332949,,,,
2547,0.001,adam,2548,48.10425329208374,0.0035291925480060433,0.0,0.012974536906864786,0.01650372945487083,,,,
2548,0.001,adam,2549,48.11564064025879,0.003520986891033207,0.0,0.013834181749313121,0.01735516864034633,,,,
2549,0.001,adam,2550,48.12566900253296,0.003547817493281848,0.0,0.011500152612279376,0.015047970105561224,,,,
2550,0.001,adam,2551,48.135748863220215,0.0035437690059568084,0.0,0.01310041227785666,0.016644181283813467,,,,
2551,0.001,adam,2552,48.148231744766235,0.0035432501039081537,0.0,0.01052113953982193,0.014064389643730085,,,,
2552,0.001,adam,2553,48.15873050689697,0.0035501036044697032,0.0,0.009688617018258228,0.01323872062272793,,,,
2553,0.001,adam,2554,48.16878628730774,0.003540655950853833,0.0,0.010633396793623243,0.014174052744477077,,,,
2554,0.001,adam,2555,48.179234981536865,0.003540106424296203,0.0,0.013384262117923762,0.016924368542219966,,,,
2555,0.001,adam,2556,48.19278931617737,0.003551917817654249,0.0,0.026531569138436184,0.030083486956090432,,,,
2556,0.001,adam,2557,48.20452857017517,0.003552244510907733,0.0,0.010008038867535693,0.013560283378443425,,,,
2557,0.001,adam,2558,48.214335441589355,0.0035470046559190086,0.0,0.011586373775113953,0.015133378431032962,,,,
2558,0.001,adam,2559,48.22598171234131,0.003543459275500212,0.0,0.013588107139873054,0.017131566415373268,,,,
2559,0.001,adam,2560,48.238077878952026,0.0035392512895084057,0.0,0.012554828177514141,0.016094079467022546,0.011084527406640387,0.0,0.010783570223621143,0.02186809763026153
2560,0.001,adam,2561,48.258260011672974,0.003557806006185169,0.0,0.008807479118519802,0.01236528512470497,,,,
2561,0.001,adam,2562,48.278202056884766,0.003541591136695683,0.0,0.012273935236788425,0.015815526373484108,,,,
2562,0.001,adam,2563,48.29277992248535,0.0035182180028363536,0.0,0.01125863374909125,0.014776851751927604,,,,
2563,0.001,adam,2564,48.30300712585449,0.0035184652772580352,0.0,0.009135553997025385,0.012654019274283421,,,,
2564,0.001,adam,2565,48.317373752593994,0.0035243560874099887,0.0,0.013574392190460829,0.017098748277870817,,,,
2565,0.001,adam,2566,48.33030414581299,0.0035256038954540356,0.0,0.012467371755716503,0.015992975651170537,,,,
2566,0.001,adam,2567,48.34102511405945,0.0035347744713371664,0.0,0.01734932433060842,0.020884098801945583,,,,
2567,0.001,adam,2568,48.360554695129395,0.0035178767382794823,0.0,0.010767121660816208,0.01428499839909569,,,,
2568,0.001,adam,2569,48.37200355529785,0.003523484220456845,0.0,0.01012565453661811,0.013649138757074956,,,,
2569,0.001,adam,2570,48.38186454772949,0.003528873728193824,0.0,0.013220765024797857,0.01674963875299168,,,,
2570,0.001,adam,2571,48.3939847946167,0.003518646932800298,0.0,0.015608381018667936,0.019127027951468235,,,,
2571,0.001,adam,2572,48.407185554504395,0.0035175548014856656,0.0,0.011924876335015613,0.015442431136501279,,,,
2572,0.001,adam,2573,48.41894173622131,0.0035194351990612657,0.0,0.017785104744824122,0.021304539943885387,,,,
2573,0.001,adam,2574,48.43169379234314,0.003519735220297532,0.0,0.010575682361461437,0.014095417581758968,,,,
2574,0.001,adam,2575,48.44256854057312,0.0035389981781601336,0.0,0.019282097995730614,0.022821096173890748,,,,
2575,0.001,adam,2576,48.46045422554016,0.0035268904148503086,0.0,0.017382905872122253,0.02090979628697256,,,,
2576,0.001,adam,2577,48.47451972961426,0.003543539507248746,0.0,0.014180080434019457,0.017723619941268202,,,,
2577,0.001,adam,2578,48.488104820251465,0.0035351089345807586,0.0,0.016409312776808023,0.01994442171138878,,,,
2578,0.001,adam,2579,48.498568534851074,0.0035066077908538296,0.0,0.018104966913091297,0.021611574703945126,,,,
2579,0.001,adam,2580,48.51982116699219,0.0035074312074902217,0.0,0.01126807783977467,0.01477550904726489,0.010833692892509631,0.0,0.010505175799566729,0.02133886869207636
2580,0.001,adam,2581,48.55171084403992,0.0035138592814753567,0.0,0.009885730177310644,0.013399589458786,,,,
2581,0.001,adam,2582,48.56225061416626,0.0034860354164470255,0.0,0.010488986228308395,0.01397502164475542,,,,
2582,0.001,adam,2583,48.575289726257324,0.0034981564859639337,0.0,0.017065310587440756,0.02056346707340469,,,,
2583,0.001,adam,2584,48.59537863731384,0.0034959452953974945,0.0,0.009416083398038205,0.0129120286934357,,,,
2584,0.001,adam,2585,48.60493302345276,0.0035113949935563714,0.0,0.0206763687809361,0.02418776377449247,,,,
2585,0.001,adam,2586,48.61576294898987,0.0035053089389363882,0.0,0.012923189880166011,0.0164284988191024,,,,
2586,0.001,adam,2587,48.62663245201111,0.0034926390496531953,0.0,0.014908674640810814,0.018401313690464008,,,,
2587,0.001,adam,2588,48.638893604278564,0.003491283651408654,0.0,0.009838958694454406,0.01333024234586306,,,,
2588,0.001,adam,2589,48.65157103538513,0.003497564280146982,0.0,0.010029492466866212,0.013527056747013193,,,,
2589,0.001,adam,2590,48.66116642951965,0.0034990541815452286,0.0,0.010548210257503599,0.014047264439048827,,,,
2590,0.001,adam,2591,48.67349815368652,0.0035168537567723205,0.0,0.013186780183339703,0.016703633940112025,,,,
2591,0.001,adam,2592,48.6849091053009,0.0035311767396106726,0.0,0.012087305256752442,0.015618481996363114,,,,
2592,0.001,adam,2593,48.69570827484131,0.0035219897458903925,0.0,0.012604178196157455,0.016126167942047846,,,,
2593,0.001,adam,2594,48.706517934799194,0.003506595738170844,0.0,0.011170013006343387,0.01467660874451423,,,,
2594,0.001,adam,2595,48.71679449081421,0.0035120260261972173,0.0,0.009387358086898587,0.012899384113095805,,,,
2595,0.001,adam,2596,48.7273313999176,0.003528062556784362,0.0,0.009107124920119062,0.012635187476903424,,,,
2596,0.001,adam,2597,48.73926591873169,0.0035354693950682622,0.0,0.011602137561373616,0.015137606956441878,,,,
2597,0.001,adam,2598,48.752886056900024,0.0035152279940271953,0.0,0.009476605521275787,0.012991833515302982,,,,
2598,0.001,adam,2599,48.7636399269104,0.00350277358426239,0.0,0.00900548101722423,0.01250825460148662,,,,
2599,0.001,adam,2600,48.77626991271973,0.0034925593084656668,0.0,0.013091186165482138,0.016583745473947805,0.011080786545133635,0.0,0.01002927909034364,0.021110065635477272
2600,0.001,adam,2601,48.7956268787384,0.0035174232857593667,0.0,0.009370767095310716,0.012888190381070082,,,,
2601,0.001,adam,2602,48.823424339294434,0.0035210657591224328,0.0,0.008964542425457404,0.012485608184579836,,,,
2602,0.001,adam,2603,48.83407664299011,0.0034901380571731736,0.0,0.012249522466808858,0.01573966052398203,,,,
2603,0.001,adam,2604,48.84404516220093,0.003491882093880093,0.0,0.013248832198072985,0.016740714291953077,,,,
2604,0.001,adam,2605,48.854161739349365,0.003496232900490697,0.0,0.008726830321565428,0.012223063222056126,,,,
2605,0.001,adam,2606,48.86433434486389,0.003526702828209828,0.0,0.01187141155347953,0.015398114381689358,,,,
2606,0.001,adam,2607,48.87943506240845,0.003478824668159684,0.0,0.00954099704694775,0.013019821715107434,,,,
2607,0.001,adam,2608,48.89164614677429,0.003456104085390706,0.0,0.011235205916246178,0.014691310001636884,,,,
2608,0.001,adam,2609,48.904507875442505,0.0034634190455626566,0.0,0.009743912119753603,0.01320733116531626,,,,
2609,0.001,adam,2610,48.91388130187988,0.003466324473937874,0.0,0.012306908673183566,0.01577323314712144,,,,
2610,0.001,adam,2611,48.92494773864746,0.003459973742678857,0.0,0.009994902626630706,0.013454876369309563,,,,
2611,0.001,adam,2612,48.93726444244385,0.00345071052219026,0.0,0.009093058903670731,0.012543769425860992,,,,
2612,0.001,adam,2613,48.94888377189636,0.0034503787616786746,0.0,0.009045713134925167,0.01249609189660384,,,,
2613,0.001,adam,2614,48.964115858078,0.0034562641901540463,0.0,0.011670930950731215,0.015127195140885261,,,,
2614,0.001,adam,2615,48.974534034729004,0.0034467445705973604,0.0,0.010122450571872135,0.013569195142469495,,,,
2615,0.001,adam,2616,48.984625577926636,0.003448546176491652,0.0,0.010417617506654538,0.01386616368314619,,,,
2616,0.001,adam,2617,48.99555325508118,0.0034568465902388443,0.0,0.011418375962555561,0.014875222552794404,,,,
2617,0.001,adam,2618,49.01292896270752,0.0034405710439638446,0.0,0.007934806397831087,0.011375377441794931,,,,
2618,0.001,adam,2619,49.02284622192383,0.0034333473869581793,0.0,0.010732582228309187,0.014165929615267366,,,,
2619,0.001,adam,2620,49.033905029296875,0.003419859125060291,0.0,0.010139066343410398,0.013558925468470689,0.010876534457238952,0.0,0.00972294848083598,0.020599482938074933
2620,0.001,adam,2621,49.08441424369812,0.0034217018694015014,0.0,0.009786592006921394,0.013208293876322896,,,,
2621,0.001,adam,2622,49.096017599105835,0.0034460314045217585,0.0,0.014416314060747847,0.017862345465269606,,,,
2622,0.001,adam,2623,49.114598512649536,0.0034417834093831015,0.0,0.012957998596938325,0.016399782006321428,,,,
2623,0.001,adam,2624,49.12701916694641,0.0034301717476041176,0.0,0.008787178138264665,0.012217349885868783,,,,
2624,0.001,adam,2625,49.13764405250549,0.003430151617244398,0.0,0.010841112600969777,0.014271264218214175,,,,
2625,0.001,adam,2626,49.152405977249146,0.003431657957318163,0.0,0.009536927926833895,0.012968585884152058,,,,
2626,0.001,adam,2627,49.16503190994263,0.0034639161353006752,0.0,0.013345804995908029,0.016809721131208703,,,,
2627,0.001,adam,2628,49.17497944831848,0.00343554550939401,0.0,0.009050507202953894,0.012486052712347904,,,,
2628,0.001,adam,2629,49.18718862533569,0.003432737093613028,0.0,0.015083217879884318,0.018515954973497346,,,,
2629,0.001,adam,2630,49.1981987953186,0.0034397886732400514,0.0,0.012766298046272212,0.016206086719512264,,,,
2630,0.001,adam,2631,49.211259603500366,0.003449294903744151,0.0,0.01168860923202809,0.015137904135772241,,,,
2631,0.001,adam,2632,49.223937034606934,0.0034455586518164967,0.0,0.00871258331786911,0.012158141969685607,,,,
2632,0.001,adam,2633,49.23972034454346,0.0034305644848576585,0.0,0.007010648543854285,0.010441213028711944,,,,
2633,0.001,adam,2634,49.25521755218506,0.003425476751452533,0.0,0.00969920998126889,0.013124686732721422,,,,
2634,0.001,adam,2635,49.272160053253174,0.003425100952592616,0.0,0.012245299991791494,0.01567040094438411,,,,
2635,0.001,adam,2636,49.28175139427185,0.003417863115750657,0.0,0.010531211952059567,0.013949075067810224,,,,
2636,0.001,adam,2637,49.291706562042236,0.0034113317271559905,0.0,0.010920885720951288,0.014332217448107278,,,,
2637,0.001,adam,2638,49.30914306640625,0.003432071513314486,0.0,0.011881323622047493,0.015313395135361979,,,,
2638,0.001,adam,2639,49.32809352874756,0.003434202298404851,0.0,0.009674141465497657,0.013108343763902509,,,,
2639,0.001,adam,2640,49.337525844573975,0.0034471620755847426,0.0,0.01551650343577184,0.018963665511356583,0.01069939890217513,0.0,0.01337465680786811,0.02407405571004324
2640,0.001,adam,2641,49.35692000389099,0.0034537934573998477,0.0,0.01196954096699272,0.015423334424392567,,,,
2641,0.001,adam,2642,49.366902351379395,0.0034295504782290106,0.0,0.02220918416300547,0.025638734641234482,,,,
2642,0.001,adam,2643,49.378424882888794,0.0034590352703166203,0.0,0.0218349767321336,0.025294012002450218,,,,
2643,0.001,adam,2644,49.392152070999146,0.003403951812193855,0.0,0.01350788621136686,0.016911838023560714,,,,
2644,0.001,adam,2645,49.41384410858154,0.0033870320776903874,0.0,0.008718728805117152,0.012105760882807539,,,,
2645,0.001,adam,2646,49.43268060684204,0.003407172538488773,0.0,0.013787429011542146,0.01719460155003092,,,,
2646,0.001,adam,2647,49.447458267211914,0.003438006279331653,0.0,0.02208265922193788,0.02552066550126953,,,,
2647,0.001,adam,2648,49.457444190979004,0.00340691319067737,0.0,0.007869022779975669,0.011275935970653038,,,,
2648,0.001,adam,2649,49.47161149978638,0.003409512448329561,0.0,0.017275607784170307,0.020685120232499868,,,,
2649,0.001,adam,2650,49.48249959945679,0.00341051606061874,0.0,0.020183339706872316,0.023593855767491054,,,,
2650,0.001,adam,2651,49.4981050491333,0.0034283330022509906,0.0,0.025425192860248545,0.028853525862499535,,,,
2651,0.001,adam,2652,49.5075626373291,0.0033800831281987705,0.0,0.017892304779783038,0.021272387907981808,,,,
2652,0.001,adam,2653,49.51740622520447,0.0033816871084172417,0.0,0.0113000333298444,0.014681720438261641,,,,
2653,0.001,adam,2654,49.5283887386322,0.0033795192231233775,0.0,0.01420591512925774,0.017585434352381118,,,,
2654,0.001,adam,2655,49.54085850715637,0.0033727944570184796,0.0,0.016851600774061403,0.020224395231079884,,,,
2655,0.001,adam,2656,49.55080580711365,0.003388760470247887,0.0,0.014804951473453187,0.018193711943701073,,,,
2656,0.001,adam,2657,49.56114625930786,0.0033829265518831057,0.0,0.01096968107406495,0.014352607625948057,,,,
2657,0.001,adam,2658,49.57088804244995,0.003383901426434342,0.0,0.013792179136253819,0.01717608056268816,,,,
2658,0.001,adam,2659,49.58990526199341,0.0034061421457015086,0.0,0.010425150370095757,0.013831292515797266,,,,
2659,0.001,adam,2660,49.60061073303223,0.003420191398363425,0.0,0.012087017704133077,0.015507209102496502,0.010741123525978313,0.0,0.009499681013896958,0.02024080453987527
2660,0.001,adam,2661,49.62597703933716,0.0034374582927547723,0.0,0.011912681917920076,0.015350140210674849,,,,
2661,0.001,adam,2662,49.63768410682678,0.0034100125788150905,0.0,0.010260240157450043,0.013670252736265133,,,,
2662,0.001,adam,2663,49.650007009506226,0.003377099174036656,0.0,0.012402100235749277,0.01577919940978593,,,,
2663,0.001,adam,2664,49.66361403465271,0.003393494850553878,0.0,0.01847412439736521,0.02186761924791909,,,,
2664,0.001,adam,2665,49.67391228675842,0.0033919996447484206,0.0,0.012482957469652932,0.01587495711440135,,,,
2665,0.001,adam,2666,49.68746733665466,0.0033871872233176246,0.0,0.010529494576105563,0.013916681799423188,,,,
2666,0.001,adam,2667,49.70219826698303,0.0033819576103456947,0.0,0.008934564327761362,0.012316521938107058,,,,
2667,0.001,adam,2668,49.71248197555542,0.0033918418235510213,0.0,0.01045293371304986,0.013844775536600882,,,,
2668,0.001,adam,2669,49.737499713897705,0.003390936586658415,0.0,0.010253072507136295,0.01364400909379471,,,,
2669,0.001,adam,2670,49.747581481933594,0.003370419926803725,0.0,0.00904832227183125,0.012418742198634975,,,,
2670,0.001,adam,2671,49.77271032333374,0.0033661924089401145,0.0,0.011482783699965981,0.014848976108906096,,,,
2671,0.001,adam,2672,49.78759002685547,0.0033644976679153035,0.0,0.010817363959736948,0.014181861627652252,,,,
2672,0.001,adam,2673,49.79910922050476,0.003354491161631291,0.0,0.011907280578078003,0.015261771739709294,,,,
2673,0.001,adam,2674,49.80892300605774,0.0033564535904390225,0.0,0.012996547527380414,0.016353001117819437,,,,
2674,0.001,adam,2675,49.81877279281616,0.0033544041419560104,0.0,0.011593205259945286,0.014947609401901298,,,,
2675,0.001,adam,2676,49.82868576049805,0.003371455478734279,0.0,0.00787659600085414,0.011248051479588418,,,,
2676,0.001,adam,2677,49.84445357322693,0.003389147924231706,0.0,0.019045786818804138,0.022434934743035845,,,,
2677,0.001,adam,2678,49.8586630821228,0.0033777589416616022,0.0,0.009247187100532904,0.012624946042194506,,,,
2678,0.001,adam,2679,49.87016487121582,0.0033717255175900983,0.0,0.007611158742009572,0.01098288425959967,,,,
2679,0.001,adam,2680,49.8983952999115,0.0033696013842224996,0.0,0.008039096687767205,0.011408698071989704,0.010702026744801887,0.0,0.009387402249463791,0.020089428994265676
2680,0.001,adam,2681,49.925912618637085,0.003362714224207374,0.0,0.009464753944842566,0.01282746816904994,,,,
2681,0.001,adam,2682,49.938669204711914,0.0033489372605665876,0.0,0.01263773365476214,0.015986670915328727,,,,
2682,0.001,adam,2683,49.948474168777466,0.0033461503537565948,0.0,0.008461438942731445,0.01180758929648804,,,,
2683,0.001,adam,2684,49.95914554595947,0.003372252359518117,0.0,0.007902063137794336,0.011274315497312453,,,,
2684,0.001,adam,2685,49.97298264503479,0.0033738417330187085,0.0,0.009545932038647837,0.012919773771666546,,,,
2685,0.001,adam,2686,49.982402324676514,0.003356904879062457,0.0,0.011482022150243526,0.014838927029305983,,,,
2686,0.001,adam,2687,49.99335503578186,0.0033513408860358068,0.0,0.011920099663221436,0.015271440549257243,,,,
2687,0.001,adam,2688,50.00622844696045,0.00336291551312615,0.0,0.011168168317218471,0.014531083830344621,,,,
2688,0.001,adam,2689,50.01763153076172,0.0033928377061463264,0.0,0.009565577227714594,0.01295841493386092,,,,
2689,0.001,adam,2690,50.03360295295715,0.0033828323087355724,0.0,0.01063348067979863,0.014016312988534202,,,,
2690,0.001,adam,2691,50.05188846588135,0.003365287896207728,0.0,0.01214900274931715,0.015514290645524878,,,,
2691,0.001,adam,2692,50.06332039833069,0.0033700525136566854,0.0,0.011172679448318406,0.014542731961975091,,,,
2692,0.001,adam,2693,50.07518553733826,0.0033808362513068468,0.0,0.011346338139513877,0.014727174390820724,,,,
2693,0.001,adam,2694,50.08694505691528,0.0033542184111932036,0.0,0.00913396735021733,0.012488185761410534,,,,
2694,0.001,adam,2695,50.104639530181885,0.003359663753003669,0.0,0.01240678000722065,0.01576644376022432,,,,
2695,0.001,adam,2696,50.11546850204468,0.0033529531892191626,0.0,0.010966501635434039,0.014319454824653202,,,,
2696,0.001,adam,2697,50.12598896026611,0.003369008415716478,0.0,0.010220859531073632,0.01358986794679011,,,,
2697,0.001,adam,2698,50.139116287231445,0.0033827038978508925,0.0,0.01202948180143395,0.015412185699284844,,,,
2698,0.001,adam,2699,50.150919675827026,0.0033721060923853487,0.0,0.010973280475497444,0.014345386567882793,,,,
2699,0.001,adam,2700,50.162827014923096,0.0033751254900398105,0.0,0.01378478449761249,0.0171599099876523,0.010776409625324751,0.0,0.010456010818805274,0.021232420444130026
2700,0.001,adam,2701,50.187928199768066,0.0033705643090187923,0.0,0.010212813639257736,0.013583377948276529,,,,
2701,0.001,adam,2702,50.200870752334595,0.003358964863043319,0.0,0.008979381472113055,0.012338346335156375,,,,
2702,0.001,adam,2703,50.21114373207092,0.0033404299903654995,0.0,0.012781806390053529,0.016122236380419028,,,,
2703,0.001,adam,2704,50.2300329208374,0.0033416551476127725,0.0,0.00884604640850548,0.01218770155611825,,,,
2704,0.001,adam,2705,50.25612807273865,0.0033501935354634444,0.0,0.01467808836642005,0.018028281901883495,,,,
2705,0.001,adam,2706,50.2671377658844,0.0033527934791225222,0.0,0.011006298900419747,0.01435909237954227,,,,
2706,0.001,adam,2707,50.28094434738159,0.0033568060852173557,0.0,0.01043138279155332,0.013788188876770677,,,,
2707,0.001,adam,2708,50.291125774383545,0.0033508954546777074,0.0,0.010147875398108191,0.013498770852785898,,,,
2708,0.001,adam,2709,50.30646848678589,0.0033437412196284785,0.0,0.009585183628007265,0.012928924847635744,,,,
2709,0.001,adam,2710,50.31734561920166,0.003350341292303564,0.0,0.009744430548509504,0.013094771840813067,,,,
2710,0.001,adam,2711,50.334545612335205,0.0033354013661511584,0.0,0.01247016641532465,0.015805567781475807,,,,
2711,0.001,adam,2712,50.349695444107056,0.003335657180275347,0.0,0.009575935666446609,0.012911592846721956,,,,
2712,0.001,adam,2713,50.36039900779724,0.0033371449160452668,0.0,0.009262190212011037,0.012599335128056305,,,,
2713,0.001,adam,2714,50.37179970741272,0.003326767295916221,0.0,0.012214057026453045,0.015540824322369265,,,,
2714,0.001,adam,2715,50.38409996032715,0.003325636475875532,0.0,0.01300937199202395,0.01633500846789948,,,,
2715,0.001,adam,2716,50.39484715461731,0.0033321176546744604,0.0,0.012083473237788033,0.015415590892462493,,,,
2716,0.001,adam,2717,50.41310405731201,0.0033561790746706763,0.0,0.010817175297086382,0.014173354371757058,,,,
2717,0.001,adam,2718,50.423813581466675,0.0033472797932537707,0.0,0.010141176220357047,0.013488456013610817,,,,
2718,0.001,adam,2719,50.43405365943909,0.0033213117806941504,0.0,0.021546286262026475,0.024867598042720623,,,,
2719,0.001,adam,2720,50.44369626045227,0.003355929319554464,0.0,0.027693418852048124,0.031049348171602587,0.010832150625096565,0.0,0.02913638042118111,0.03996853104627768
2720,0.001,adam,2721,50.470847845077515,0.0033603792071789343,0.0,0.027420919968664255,0.03078129917584319,,,,
2721,0.001,adam,2722,50.487696409225464,0.0033531240179210686,0.0,0.01642805108855568,0.01978117510647675,,,,
2722,0.001,adam,2723,50.51117014884949,0.00332671558923711,0.0,0.009913162510882069,0.013239878100119179,,,,
2723,0.001,adam,2724,50.526705503463745,0.0033233763275941834,0.0,0.01647468899604985,0.019798065323644035,,,,
2724,0.001,adam,2725,50.53803586959839,0.0033311232985065537,0.0,0.014339774815742268,0.017670898114248823,,,,
2725,0.001,adam,2726,50.55070424079895,0.0033247285491426306,0.0,0.013479535424344727,0.016804263973487357,,,,
2726,0.001,adam,2727,50.56838083267212,0.0033165794809733467,0.0,0.01043260484130726,0.013749184322280606,,,,
2727,0.001,adam,2728,50.577526569366455,0.003332992651620071,0.0,0.013799245387234283,0.017132238038854355,,,,
2728,0.001,adam,2729,50.59433960914612,0.003349173453367686,0.0,0.013360832020905444,0.016710005474273128,,,,
2729,0.001,adam,2730,50.60851192474365,0.0033524065162423883,0.0,0.009362042700001526,0.012714449216243914,,,,
2730,0.001,adam,2731,50.62715029716492,0.0033117293897482695,0.0,0.008566998289185966,0.011878727678934236,,,,
2731,0.001,adam,2732,50.6373929977417,0.003299182894771814,0.0,0.012233961852660968,0.015533144747432781,,,,
2732,0.001,adam,2733,50.64976215362549,0.0033357290743275805,0.0,0.012131280676879002,0.015467009751206583,,,,
2733,0.001,adam,2734,50.66020369529724,0.0033532399268798806,0.0,0.015780105945377664,0.019133345872257543,,,,
2734,0.001,adam,2735,50.672863483428955,0.0032941833663509505,0.0,0.016049884251637,0.019344067617987952,,,,
2735,0.001,adam,2736,50.68254041671753,0.003272349605312589,0.0,0.02676331309132791,0.0300356626966405,,,,
2736,0.001,adam,2737,50.69273924827576,0.0032636116140699763,0.0,0.009751197601169461,0.013014809215239438,,,,
2737,0.001,adam,2738,50.70824360847473,0.003305950557882625,0.0,0.011479073141146153,0.014785023699028777,,,,
2738,0.001,adam,2739,50.719056129455566,0.00328358430083556,0.0,0.22535897236512792,0.22864255666596348,,,,
2739,0.001,adam,2740,50.73060846328735,0.0032813068511368046,0.0,0.020229564444360068,0.023510871295496873,0.010611806456435991,0.0,0.01189524043775695,0.02250704689419294
2740,0.001,adam,2741,50.7499942779541,0.003268940200080312,0.0,0.010083739129219359,0.01335267932929967,,,,
2741,0.001,adam,2742,50.75968909263611,0.003272321624355862,0.0,0.008810068007845062,0.012082389632200924,,,,
2742,0.001,adam,2743,50.77155160903931,0.0032531040654564095,0.0,0.010017113293794415,0.013270217359250824,,,,
2743,0.001,adam,2744,50.78113651275635,0.0032651639012400827,0.0,0.016289267134664154,0.01955443103590424,,,,
2744,0.001,adam,2745,50.793989419937134,0.0032718680720625827,0.0,0.016225465088445273,0.019497333160507856,,,,
2745,0.001,adam,2746,50.80455470085144,0.003294742367315684,0.0,0.010442255658392411,0.013736998025708096,,,,
2746,0.001,adam,2747,50.8137309551239,0.0032790802948552016,0.0,0.008549273149942953,0.011828353444798155,,,,
2747,0.001,adam,2748,50.82589244842529,0.003270111517614886,0.0,0.01795388461246264,0.021223996130077527,,,,
2748,0.001,adam,2749,50.83546328544617,0.003285346055823564,0.0,0.016815529570642813,0.020100875626466376,,,,
2749,0.001,adam,2750,50.84647536277771,0.003291469335505205,0.0,0.014763814616036259,0.018055283951541462,,,,
2750,0.001,adam,2751,50.85777544975281,0.003251384210259502,0.0,0.015422981848306058,0.01867436605856556,,,,
2751,0.001,adam,2752,50.8720006942749,0.003253971088518461,0.0,0.03274680171270135,0.036000772801219806,,,,
2752,0.001,adam,2753,50.882936000823975,0.0032908455104454014,0.0,0.04071064740705278,0.044001492917498185,,,,
2753,0.001,adam,2754,50.89750623703003,0.003305412234908509,0.0,0.03240462145275527,0.03571003368766378,,,,
2754,0.001,adam,2755,50.9082305431366,0.0032777640321038216,0.0,0.016668619539304326,0.019946383571408148,,,,
2755,0.001,adam,2756,50.91848015785217,0.0032784420018985285,0.0,0.014941084196602764,0.01821952619850129,,,,
2756,0.001,adam,2757,50.93032383918762,0.0033093503701347427,0.0,0.014361013814050699,0.017670364184185442,,,,
2757,0.001,adam,2758,50.94187808036804,0.003274520094196103,0.0,0.011984822045611873,0.015259342139807976,,,,
2758,0.001,adam,2759,50.95205307006836,0.0032454440069100404,0.0,0.009986695896373876,0.013232139903283917,,,,
2759,0.001,adam,2760,50.96938943862915,0.0032572441991746606,0.0,0.011735205298189635,0.014992449497364295,0.010663858194590458,0.0,0.012272002508434438,0.022935860703024898
2760,0.001,adam,2761,50.98799133300781,0.0032623527765127096,0.0,0.014785500187131867,0.018047852963644577,,,,
2761,0.001,adam,2762,51.004475831985474,0.0032909904267857167,0.0,0.016417196919932327,0.019708187346718045,,,,
2762,0.001,adam,2763,51.01510167121887,0.003232224745437387,0.0,0.009638970085102009,0.012871194830539397,,,,
2763,0.001,adam,2764,51.02819585800171,0.0032289993167333234,0.0,0.010749771737008692,0.013978771053742015,,,,
2764,0.001,adam,2765,51.03826308250427,0.0032408590181050786,0.0,0.008769734245357852,0.01201059326346293,,,,
2765,0.001,adam,2766,51.04882621765137,0.003247725495837886,0.0,0.014733492219659371,0.017981217715497256,,,,
2766,0.001,adam,2767,51.05990958213806,0.0032266692891964616,0.0,0.01360755101472636,0.01683422030392282,,,,
2767,0.001,adam,2768,51.07173156738281,0.0032022410989602425,0.0,0.0097667056192632,0.012968946718223443,,,,
2768,0.001,adam,2769,51.084705114364624,0.0032009329960959636,0.0,0.008770355088815917,0.01197128808491188,,,,
2769,0.001,adam,2770,51.09448742866516,0.0032328508584073858,0.0,0.014107115030424255,0.01733996588883164,,,,
2770,0.001,adam,2771,51.111042976379395,0.0032073708059787236,0.0,0.012766790380083614,0.015974161186062336,,,,
2771,0.001,adam,2772,51.12198805809021,0.0032182051128473283,0.0,0.012233575864407828,0.015451780977255157,,,,
2772,0.001,adam,2773,51.13461661338806,0.003212862655049678,0.0,0.013002788063616943,0.01621565071866662,,,,
2773,0.001,adam,2774,51.1447639465332,0.0032229399971291733,0.0,0.010829872185937978,0.014052812183067151,,,,
2774,0.001,adam,2775,51.15573287010193,0.003220641273898249,0.0,0.010384553011418208,0.013605194285316457,,,,
2775,0.001,adam,2776,51.16683554649353,0.0032326140775454882,0.0,0.01239591983199025,0.01562853390953574,,,,
2776,0.001,adam,2777,51.17861294746399,0.0032384261293336935,0.0,0.01327816553725181,0.016516591666585503,,,,
2777,0.001,adam,2778,51.19433116912842,0.0032398832698626073,0.0,0.01397109802746962,0.01721098129733223,,,,
2778,0.001,adam,2779,51.20743656158447,0.0032335991545389352,0.0,0.008489316420018737,0.011722915574557673,,,,
2779,0.001,adam,2780,51.21760630607605,0.0032081099869009297,0.0,0.010935318940930689,0.014143428927831618,0.010550955688672073,0.0,0.013404220498860031,0.023955176187532103
2780,0.001,adam,2781,51.23646116256714,0.003219345239941655,0.0,0.014382967833220392,0.017602313073162047,,,,
2781,0.001,adam,2782,51.25515937805176,0.003220559064115755,0.0,0.011754153120358032,0.014974712184473788,,,,
2782,0.001,adam,2783,51.26610708236694,0.0032088096164195738,0.0,0.008011997653058248,0.011220807269477821,,,,
2783,0.001,adam,2784,51.28302073478699,0.003203760378683832,0.0,0.013508185656945232,0.016711946035629064,,,,
2784,0.001,adam,2785,51.29550790786743,0.003193409071645317,0.0,0.015142912925827553,0.01833632199747287,,,,
2785,0.001,adam,2786,51.308982133865356,0.0032238735795468783,0.0,0.011253556050342936,0.014477429629889814,,,,
2786,0.001,adam,2787,51.32270812988281,0.003227246689350864,0.0,0.01234110509244215,0.015568351781793013,,,,
2787,0.001,adam,2788,51.33456063270569,0.003217518514393385,0.0,0.010598981540206089,0.013816500054599473,,,,
2788,0.001,adam,2789,51.365912675857544,0.003213684315006268,0.0,0.01412231742358017,0.01733600173858644,,,,
2789,0.001,adam,2790,51.37980246543884,0.0032140589332739066,0.0,0.011361828730518083,0.01457588766379199,,,,
2790,0.001,adam,2791,51.39068412780762,0.003217456824340924,0.0,0.00910456891628306,0.012322025740623984,,,,
2791,0.001,adam,2792,51.40890336036682,0.0032003695583986344,0.0,0.01041228293632677,0.013612652494725404,,,,
2792,0.001,adam,2793,51.420244455337524,0.003188529130881272,0.0,0.011379251268191688,0.01456778039907296,,,,
2793,0.001,adam,2794,51.43039321899414,0.003190866629798958,0.0,0.011897745011730545,0.015088611641529503,,,,
2794,0.001,adam,2795,51.44456076622009,0.0031991617923781916,0.0,0.009507554016925804,0.012706715809303996,,,,
2795,0.001,adam,2796,51.455159425735474,0.0032077482543443506,0.0,0.009499463567730177,0.012707211822074528,,,,
2796,0.001,adam,2797,51.466713666915894,0.003208398610385573,0.0,0.008541661153100122,0.011750059763485695,,,,
2797,0.001,adam,2798,51.47797870635986,0.0032157581182171487,0.0,0.010740098518124727,0.013955856636341876,,,,
2798,0.001,adam,2799,51.488969564437866,0.00321945794869191,0.0,0.013378481944231491,0.0165979398929234,,,,
2799,0.001,adam,2800,51.50113296508789,0.0032250249857100153,0.0,0.015493875638573431,0.018718900624283448,0.010530833836126461,0.0,0.011275903020661135,0.021806736856787596
2800,0.001,adam,2801,51.531052112579346,0.003208508130664458,0.0,0.010981113123828906,0.014189621254493363,,,,
2801,0.001,adam,2802,51.54374647140503,0.003190144804785989,0.0,0.011681441636170034,0.014871586440956023,,,,
2802,0.001,adam,2803,51.553948163986206,0.003208674755137239,0.0,0.0122161681107022,0.01542484286583944,,,,
2803,0.001,adam,2804,51.5676486492157,0.0031850810704638272,0.0,0.008381260464225462,0.011566341534689288,,,,
2804,0.001,adam,2805,51.57829928398132,0.003187207954721893,0.0,0.0109459847803971,0.014133192735118993,,,,
2805,0.001,adam,2806,51.59029531478882,0.0032187087129251475,0.0,0.01411923210377119,0.01733794081669634,,,,
2806,0.001,adam,2807,51.60170125961304,0.0032305711981071407,0.0,0.013718721195312871,0.016949292393420013,,,,
2807,0.001,adam,2808,51.612202882766724,0.003203276805861954,0.0,0.00612555959295053,0.009328836398812483,,,,
2808,0.001,adam,2809,51.630122900009155,0.0031947756503446765,0.0,0.019442218760395407,0.022636994410740085,,,,
2809,0.001,adam,2810,51.6413311958313,0.003189022770175596,0.0,0.015463169445296021,0.018652192215471618,,,,
2810,0.001,adam,2811,51.651756286621094,0.0032049891555773506,0.0,0.01354611018723883,0.01675109934281618,,,,
2811,0.001,adam,2812,51.67055106163025,0.003182992911242411,0.0,0.011052979899807044,0.014235972811049455,,,,
2812,0.001,adam,2813,51.6869432926178,0.003175398726943441,0.0,0.007461380296076794,0.010636779023020236,,,,
2813,0.001,adam,2814,51.69700384140015,0.0031874433550987662,0.0,0.011273705870561415,0.014461149225660181,,,,
2814,0.001,adam,2815,51.70978617668152,0.0031839189992326784,0.0,0.014026941096297669,0.01721086009553035,,,,
2815,0.001,adam,2816,51.7300181388855,0.0031918343096232183,0.0,0.011137548259074608,0.014329382568697827,,,,
2816,0.001,adam,2817,51.74124479293823,0.0031956285457814034,0.0,0.009156849845159012,0.012352478390940416,,,,
2817,0.001,adam,2818,51.7528293132782,0.003174867749600616,0.0,0.012738357823330701,0.015913225572931317,,,,
2818,0.001,adam,2819,51.76460385322571,0.003171551059856924,0.0,0.006879670608817187,0.010051221668674112,,,,
2819,0.001,adam,2820,51.77681589126587,0.0031616999859966732,0.0,0.009672748386118988,0.012834448372115661,0.010490009353615411,0.0,0.00838310345360339,0.018873112807218803
2820,0.001,adam,2821,51.80070209503174,0.003152116367285465,0.0,0.009515439568653056,0.012667555935938522,,,,
2821,0.001,adam,2822,51.81052589416504,0.003155639643293498,0.0,0.009640341474765049,0.012795981118058547,,,,
2822,0.001,adam,2823,51.82281494140625,0.0031628370464419913,0.0,0.008986482028250132,0.012149319074692123,,,,
2823,0.001,adam,2824,51.836540937423706,0.0031572243726715648,0.0,0.010446025131154323,0.013603249503825889,,,,
2824,0.001,adam,2825,51.84760928153992,0.003155201637087706,0.0,0.009577335978914603,0.01273253761600231,,,,
2825,0.001,adam,2826,51.85824012756348,0.0031601279734391726,0.0,0.009202285960588297,0.012362413934027469,,,,
2826,0.001,adam,2827,51.869844913482666,0.0031668895202357633,0.0,0.009658744779477906,0.01282563429971367,,,,
2827,0.001,adam,2828,51.886245012283325,0.0031474868558302857,0.0,0.008497366761344455,0.011644853617174742,,,,
2828,0.001,adam,2829,51.897393465042114,0.0031431122890190413,0.0,0.010430100696134093,0.013573212985153134,,,,
2829,0.001,adam,2830,51.90800166130066,0.003143206828960732,0.0,0.007843000057890886,0.010986206886851618,,,,
2830,0.001,adam,2831,51.91969418525696,0.003164096916007721,0.0,0.008089325312506768,0.01125342222851449,,,,
2831,0.001,adam,2832,51.930368185043335,0.003162688302154775,0.0,0.012594815720758334,0.015757504022913107,,,,
2832,0.001,adam,2833,51.946178674697876,0.003158477570941362,0.0,0.010954687938032361,0.014113165508973723,,,,
2833,0.001,adam,2834,51.95758938789368,0.0031680671274981814,0.0,0.008624663782260077,0.01179273090975826,,,,
2834,0.001,adam,2835,51.97040009498596,0.0031850117668647433,0.0,0.01003686460481323,0.013221876371677974,,,,
2835,0.001,adam,2836,51.980205059051514,0.003175930563833478,0.0,0.011353616853731704,0.014529547417565182,,,,
2836,0.001,adam,2837,51.98981714248657,0.0031486015236523615,0.0,0.009447865548083753,0.012596467071736115,,,,
2837,0.001,adam,2838,52.000404596328735,0.003149197162825021,0.0,0.011054483619184043,0.014203680782009065,,,,
2838,0.001,adam,2839,52.01107144355774,0.003189273684787883,0.0,0.0082281637922553,0.011417437477043182,,,,
2839,0.001,adam,2840,52.02123975753784,0.0031621635335424393,0.0,0.008608524699168514,0.011770688232710953,0.01045987208605072,0.0,0.00887683560466312,0.019336707690713842
2840,0.001,adam,2841,52.039809465408325,0.0031420909321908646,0.0,0.008604895061201715,0.01174698599339258,,,,
2841,0.001,adam,2842,52.050143003463745,0.003136678813280194,0.0,0.008681216284163166,0.011817895097443359,,,,
2842,0.001,adam,2843,52.06113910675049,0.0031480028499559463,0.0,0.010427563375675101,0.013575566225631048,,,,
2843,0.001,adam,2844,52.0918653011322,0.0031624848415293385,0.0,0.01074789145171912,0.013910376293248459,,,,
2844,0.001,adam,2845,52.10236573219299,0.003145281243322605,0.0,0.012171432715831132,0.015316713959153736,,,,
2845,0.001,adam,2846,52.115095376968384,0.0031459724263919494,0.0,0.011634629155255594,0.014780601581647543,,,,
2846,0.001,adam,2847,52.126203536987305,0.003140666296907865,0.0,0.009627432966119006,0.012768099263026871,,,,
2847,0.001,adam,2848,52.13777160644531,0.0031378018003425643,0.0,0.012584661898283566,0.01572246369862613,,,,
2848,0.001,adam,2849,52.150638818740845,0.003136654238418125,0.0,0.008347775328856557,0.011484429567274681,,,,
2849,0.001,adam,2850,52.16853308677673,0.003135959407321496,0.0,0.011911977532217332,0.015047936939538828,,,,
2850,0.001,adam,2851,52.18064260482788,0.0031461522058182077,0.0,0.010427240903115271,0.013573393108933478,,,,
2851,0.001,adam,2852,52.190534591674805,0.003148493429097609,0.0,0.011868449364064873,0.015016942793162482,,,,
2852,0.001,adam,2853,52.20402646064758,0.0031445908823885347,0.0,0.008901978806836006,0.01204656968922454,,,,
2853,0.001,adam,2854,52.21591663360596,0.003147058778099735,0.0,0.01331488005039697,0.016461938828496704,,,,
2854,0.001,adam,2855,52.226768255233765,0.00314227539496692,0.0,0.011478894510316402,0.014621169905283322,,,,
2855,0.001,adam,2856,52.242382764816284,0.0031387311845507034,0.0,0.00874787351437225,0.011886604698922953,,,,
2856,0.001,adam,2857,52.25194001197815,0.0031130790616219753,0.0,0.008070021733181835,0.011183100794803811,,,,
2857,0.001,adam,2858,52.26594638824463,0.0030983348435534622,0.0,0.012375748729932285,0.015474083573485748,,,,
2858,0.001,adam,2859,52.27669358253479,0.003125731214182488,0.0,0.023323931757812846,0.026449662971995334,,,,
2859,0.001,adam,2860,52.28649091720581,0.003110340191774455,0.0,0.00913121693836949,0.012241557130143946,0.010380813797574908,0.0,0.008883690949466753,0.01926450474704166
2860,0.001,adam,2861,52.30783653259277,0.003109459962447252,0.0,0.00794663669332658,0.011056096655773832,,,,
2861,0.001,adam,2862,52.31814455986023,0.003112787234593631,0.0,0.008068549055686507,0.011181336290280139,,,,
2862,0.001,adam,2863,52.33370304107666,0.0031183276546658564,0.0,0.0099308799097033,0.013049207564369157,,,,
2863,0.001,adam,2864,52.34467053413391,0.003128904412606442,0.0,0.008295370611421759,0.0114242750240282,,,,
2864,0.001,adam,2865,52.35557746887207,0.0031150578697072104,0.0,0.009208736933861048,0.012323794803568258,,,,
2865,0.001,adam,2866,52.3676323890686,0.0031096958754486337,0.0,0.007572309158340462,0.010682005033789096,,,,
2866,0.001,adam,2867,52.377992153167725,0.003106323253939925,0.0,0.009485305167396955,0.012591628421336879,,,,
2867,0.001,adam,2868,52.39885926246643,0.003083782075328843,0.0,0.010483506044148062,0.013567288119476904,,,,
2868,0.001,adam,2869,52.40941500663757,0.003082999035243784,0.0,0.009251312736617435,0.012334311771861218,,,,
2869,0.001,adam,2870,52.420604944229126,0.003082511531821858,0.0,0.009367408549237696,0.012449920081059555,,,,
2870,0.001,adam,2871,52.43300795555115,0.0030841870650091694,0.0,0.006746185220175012,0.009830372285184182,,,,
2871,0.001,adam,2872,52.44443893432617,0.0031018573853750027,0.0,0.01898597950472562,0.02208783689010062,,,,
2872,0.001,adam,2873,52.457125663757324,0.0030920961756845467,0.0,0.009896028855414917,0.012988125031099463,,,,
2873,0.001,adam,2874,52.467092514038086,0.0031044196615638967,0.0,0.0068519878486392695,0.009956407510203167,,,,
2874,0.001,adam,2875,52.48095345497131,0.0030825729357982744,0.0,0.013075589270757521,0.016158162206555797,,,,
2875,0.001,adam,2876,52.49062919616699,0.003080551509979503,0.0,0.018702080661271943,0.021782632171251447,,,,
2876,0.001,adam,2877,52.50049948692322,0.0030842185190794328,0.0,0.007635226262088432,0.010719444781167865,,,,
2877,0.001,adam,2878,52.51271057128906,0.003079996281164548,0.0,0.008602339581700832,0.01168233586286538,,,,
2878,0.001,adam,2879,52.52286171913147,0.0031013823071872155,0.0,0.006637297054525369,0.009738679361712584,,,,
2879,0.001,adam,2880,52.54001998901367,0.0031132151393038114,0.0,0.00975190155258297,0.01286511669188678,0.010459010819888145,0.0,0.009490068132689974,0.01994907895257812
2880,0.001,adam,2881,52.55829048156738,0.003090761255564096,0.0,0.011145134783444591,0.014235896039008687,,,,
2881,0.001,adam,2882,52.57165312767029,0.0030915665604281193,0.0,0.009040992020698467,0.012132558581126586,,,,
2882,0.001,adam,2883,52.58194851875305,0.003081670120002807,0.0,0.007323153986460951,0.010404824106463758,,,,
2883,0.001,adam,2884,52.596543312072754,0.0030953529180298787,0.0,0.010326759711532376,0.013422112629562255,,,,
2884,0.001,adam,2885,52.60790300369263,0.0030842033097694104,0.0,0.015241082540596465,0.018325285850365875,,,,
2885,0.001,adam,2886,52.620274782180786,0.003070613186776822,0.0,0.00997765758315815,0.01304827076993497,,,,
2886,0.001,adam,2887,52.633561849594116,0.0030668807856521533,0.0,0.009358197509898492,0.012425078295550646,,,,
2887,0.001,adam,2888,52.64700269699097,0.003076942392800518,0.0,0.009823512960187575,0.012900455352988092,,,,
2888,0.001,adam,2889,52.657132625579834,0.003095630502188859,0.0,0.012347939648256648,0.015443570150445507,,,,
2889,0.001,adam,2890,52.667200565338135,0.003085029827652822,0.0,0.01222349017923235,0.015308520006885172,,,,
2890,0.001,adam,2891,52.677539587020874,0.003090562606978402,0.0,0.009729762858318877,0.012820325465297279,,,,
2891,0.001,adam,2892,52.696648359298706,0.0031019624853143826,0.0,0.007501426874908077,0.010603389360222459,,,,
2892,0.001,adam,2893,52.70716953277588,0.0030981992204864475,0.0,0.008901244370113966,0.011999443590600414,,,,
2893,0.001,adam,2894,52.718886613845825,0.0030921050638895503,0.0,0.009841115875987636,0.012933220939877185,,,,
2894,0.001,adam,2895,52.731162786483765,0.003083754020779617,0.0,0.009763963962327166,0.012847717983106783,,,,
2895,0.001,adam,2896,52.74153161048889,0.003090814604672376,0.0,0.011205899827474126,0.014296714432146501,,,,
2896,0.001,adam,2897,52.757166385650635,0.003074285859529049,0.0,0.008467281764872853,0.0115415676244019,,,,
2897,0.001,adam,2898,52.77094125747681,0.0030699177396836933,0.0,0.007196097815639016,0.01026601555532271,,,,
2898,0.001,adam,2899,52.7850615978241,0.003071727766000248,0.0,0.009851369743974204,0.012923097509974451,,,,
2899,0.001,adam,2900,52.7953782081604,0.0030839430062706004,0.0,0.009419566982026246,0.012503509988296847,0.010346472302785114,0.0,0.009833992171366105,0.02018046447415122
2900,0.001,adam,2901,52.81575059890747,0.0030796877445603945,0.0,0.010838979812662913,0.013918667557223308,,,,
2901,0.001,adam,2902,52.835044145584106,0.003068190374777405,0.0,0.007906448455051325,0.01097463882982873,,,,
2902,0.001,adam,2903,52.84548735618591,0.0030637244780629277,0.0,0.008837766424163923,0.011901490902226851,,,,
2903,0.001,adam,2904,52.861361265182495,0.003072867274658881,0.0,0.008927884147088247,0.012000751421747127,,,,
2904,0.001,adam,2905,52.882402181625366,0.0030748392293808535,0.0,0.009431329143772508,0.012506168373153362,,,,
2905,0.001,adam,2906,52.89387607574463,0.003079129086824693,0.0,0.008585034454128724,0.011664163540953417,,,,
2906,0.001,adam,2907,52.90570092201233,0.0030690107533871986,0.0,0.006698738536710297,0.009767749290097496,,,,
2907,0.001,adam,2908,52.92239475250244,0.003055214975024195,0.0,0.016015935863711445,0.01907115083873564,,,,
2908,0.001,adam,2909,52.935120820999146,0.0030518136072771327,0.0,0.010232462574578851,0.013284276181855983,,,,
2909,0.001,adam,2910,52.944998025894165,0.0030606724940960765,0.0,0.008148710085187194,0.011209382579283271,,,,
2910,0.001,adam,2911,52.955620765686035,0.0030773592758233763,0.0,0.007881820779117083,0.010959180054940459,,,,
2911,0.001,adam,2912,52.967777252197266,0.003067377503600632,0.0,0.008014867492957675,0.011082244996558306,,,,
2912,0.001,adam,2913,52.979926109313965,0.0030469568086060185,0.0,0.008693184581854672,0.01174014139046069,,,,
2913,0.001,adam,2914,52.9899480342865,0.0030486953435736063,0.0,0.014932585272665347,0.017981280616238954,,,,
2914,0.001,adam,2915,53.00098729133606,0.0030833084464864957,0.0,0.01504520328256489,0.018128511729051385,,,,
2915,0.001,adam,2916,53.01049590110779,0.0030487484918156637,0.0,0.012153249663431126,0.015201998155246789,,,,
2916,0.001,adam,2917,53.029378175735474,0.003047454759104521,0.0,0.01191410848293811,0.01496156324204263,,,,
2917,0.001,adam,2918,53.04189419746399,0.0030421177882658866,0.0,0.013065488700955696,0.016107606489221583,,,,
2918,0.001,adam,2919,53.05188345909119,0.0030537754634424436,0.0,0.013664785726887752,0.016718561190330196,,,,
2919,0.001,adam,2920,53.064566135406494,0.0030709768564386505,0.0,0.01152046357337182,0.01459144042981047,0.010378508940854025,0.0,0.011450798140867215,0.02182930708172124
2920,0.001,adam,2921,53.08376860618591,0.0030488441249642484,0.0,0.013472951745985168,0.016521795870949416,,,,
2921,0.001,adam,2922,53.09752535820007,0.0030392625712414296,0.0,0.007710397174216963,0.010749659745458393,,,,
2922,0.001,adam,2923,53.10926914215088,0.003052209780635832,0.0,0.00776199364062691,0.010814203421262741,,,,
2923,0.001,adam,2924,53.14478516578674,0.0030712785885057153,0.0,0.014032728998777926,0.017104007587283643,,,,
2924,0.001,adam,2925,53.158960580825806,0.00305943812675879,0.0,0.026124765666717155,0.029184203793475944,,,,
2925,0.001,adam,2926,53.17115664482117,0.0030484077894412888,0.0,0.03831577111049458,0.04136417889993586,,,,
2926,0.001,adam,2927,53.181031703948975,0.003074757347314476,0.0,0.04802782430932161,0.05110258165663608,,,,
2927,0.001,adam,2928,53.19197726249695,0.00305608164936315,0.0,0.03952736893517145,0.042583450584534596,,,,
2928,0.001,adam,2929,53.20236372947693,0.003017033415543633,0.0,0.014189333491932707,0.017206366907476338,,,,
2929,0.001,adam,2930,53.216171979904175,0.0030353035950144687,0.0,0.010772127424787444,0.013807431019801912,,,,
2930,0.001,adam,2931,53.226749897003174,0.003049119270175003,0.0,0.019411655868977515,0.022460775139152518,,,,
2931,0.001,adam,2932,53.24543523788452,0.003052122453316111,0.0,0.027397768159266412,0.030449890612582523,,,,
2932,0.001,adam,2933,53.25519871711731,0.0030321447297546014,0.0,0.01889494424142737,0.021927088971181972,,,,
2933,0.001,adam,2934,53.268285512924194,0.0030582266410041727,0.0,0.014708433308087798,0.017766659949091972,,,,
2934,0.001,adam,2935,53.296650648117065,0.0030363615683968747,0.0,0.008369827141233119,0.011406188709629993,,,,
2935,0.001,adam,2936,53.309203147888184,0.0030402844517408586,0.0,0.014692234257035136,0.017732518708775995,,,,
2936,0.001,adam,2937,53.32334852218628,0.0029978954571717536,0.0,0.010670661964564735,0.013668557421736489,,,,
2937,0.001,adam,2938,53.334797382354736,0.0029955245388119493,0.0,0.010552806283243794,0.013548330822055744,,,,
2938,0.001,adam,2939,53.34636735916138,0.0029905550661757925,0.0,0.008398261374449293,0.011388816440625086,,,,
2939,0.001,adam,2940,53.3568594455719,0.003082579404480429,0.0,0.009962528534442693,0.013045107938923122,0.010468946791607477,0.0,0.009588944521824277,0.020057891313431754
2940,0.001,adam,2941,53.38294959068298,0.0030694315814260714,0.0,0.01140168821925315,0.014471119800679222,,,,
2941,0.001,adam,2942,53.394630908966064,0.003006896395139446,0.0,0.010762841037692083,0.013769737432831528,,,,
2942,0.001,adam,2943,53.40626835823059,0.0029974176301023774,0.0,0.007050187878109074,0.010047605508211451,,,,
2943,0.001,adam,2944,53.41640567779541,0.003012499367447603,0.0,0.009000347709452277,0.012012847076899879,,,,
2944,0.001,adam,2945,53.42758774757385,0.003014280350153899,0.0,0.013137351651621299,0.016151632001775197,,,,
2945,0.001,adam,2946,53.438215494155884,0.0029835418106950377,0.0,0.009484713247420073,0.012468255058115111,,,,
2946,0.001,adam,2947,53.44845962524414,0.0029810132131400584,0.0,0.010017422740574409,0.012998435953714468,,,,
2947,0.001,adam,2948,53.469380378723145,0.0029813071618746793,0.0,0.009822069692225145,0.012803376854099824,,,,
2948,0.001,adam,2949,53.479485750198364,0.0029798115748820987,0.0,0.01230416726784205,0.01528397884272415,,,,
2949,0.001,adam,2950,53.48955059051514,0.0029935330731581987,0.0,0.009099448672302977,0.012092981745461175,,,,
2950,0.001,adam,2951,53.504738330841064,0.002995931919475166,0.0,0.007730403846184258,0.010726335765659425,,,,
2951,0.001,adam,2952,53.514888525009155,0.0030118045440137723,0.0,0.008964146926441933,0.011975951470455704,,,,
2952,0.001,adam,2953,53.52555775642395,0.0030226391372973733,0.0,0.009955706966194891,0.012978346103492265,,,,
2953,0.001,adam,2954,53.536383390426636,0.003005528968151103,0.0,0.007239149830290265,0.010244678798441369,,,,
2954,0.001,adam,2955,53.548038959503174,0.0030015351494809784,0.0,0.00676137478296647,0.00976290993244745,,,,
2955,0.001,adam,2956,53.561758041381836,0.0030029072121137966,0.0,0.006609951694705069,0.009612858906818865,,,,
2956,0.001,adam,2957,53.57240629196167,0.002994155170939837,0.0,0.009107213474934525,0.012101368645874362,,,,
2957,0.001,adam,2958,53.58311057090759,0.00298499806709769,0.0,0.010646775221884414,0.013631773288982104,,,,
2958,0.001,adam,2959,53.59334635734558,0.002970233499896654,0.0,0.012848025042073977,0.01581825854197063,,,,
2959,0.001,adam,2960,53.60914659500122,0.00297384188304914,0.0,0.008529096142062521,0.011502938025111662,0.010312193998612723,0.0,0.010091383462930986,0.02040357746154371
2960,0.001,adam,2961,53.628581285476685,0.0029759765040651824,0.0,0.008712614050115502,0.011688590554180684,,,,
2961,0.001,adam,2962,53.639573097229004,0.0029765011758267484,0.0,0.011433929153036771,0.01441043032886352,,,,
2962,0.001,adam,2963,53.650158643722534,0.002979388041135393,0.0,0.009674035337836184,0.012653423378971577,,,,
2963,0.001,adam,2964,53.67491626739502,0.0029972445453754666,0.0,0.010746610906268274,0.01374385545164374,,,,
2964,0.001,adam,2965,53.68429970741272,0.0029900765363097084,0.0,0.012063703306313803,0.01505377984262351,,,,
2965,0.001,adam,2966,53.694236516952515,0.0029977553984717998,0.0,0.010536373268856845,0.013534128667328645,,,,
2966,0.001,adam,2967,53.70500159263611,0.0029899812293525917,0.0,0.018594569008288955,0.021584550237641546,,,,
2967,0.001,adam,2968,53.714746713638306,0.0029954978923098937,0.0,0.010853171230424924,0.013848669122734818,,,,
2968,0.001,adam,2969,53.726887702941895,0.0029931063716940754,0.0,0.016759552009176802,0.019752658380870876,,,,
2969,0.001,adam,2970,53.73697018623352,0.0029844678614570678,0.0,0.01490826324307073,0.017892731104527798,,,,
2970,0.001,adam,2971,53.75609993934631,0.0030029591707552423,0.0,0.01007296780123302,0.013075926971988262,,,,
2971,0.001,adam,2972,53.7834358215332,0.0030005196055535757,0.0,0.010621935917932378,0.013622455523485955,,,,
2972,0.001,adam,2973,53.79308295249939,0.002979871325665488,0.0,0.011192402055983743,0.01417227338164923,,,,
2973,0.001,adam,2974,53.808932304382324,0.002993265178174606,0.0,0.014637720174026684,0.01763098535220129,,,,
2974,0.001,adam,2975,53.819366216659546,0.002998610188372122,0.0,0.011230281082181407,0.01422889127055353,,,,
2975,0.001,adam,2976,53.83875036239624,0.0029803494887655634,0.0,0.008622847553107934,0.011603197041873497,,,,
2976,0.001,adam,2977,53.87239980697632,0.0029659672707201116,0.0,0.005945906197981356,0.008911873468701467,,,,
2977,0.001,adam,2978,53.88310241699219,0.0029737110545865306,0.0,0.01061880982167001,0.01359252087625654,,,,
2978,0.001,adam,2979,53.89283037185669,0.002971454243965945,0.0,0.010416894839248247,0.013388349083214192,,,,
2979,0.001,adam,2980,53.90416955947876,0.0029556312622266976,0.0,0.01248679295398949,0.015442424216216187,0.010348708730046426,0.0,0.008453260659220979,0.018801969389267405
2980,0.001,adam,2981,53.92701005935669,0.002963567876956782,0.0,0.006449216901035214,0.009412784777991996,,,,
2981,0.001,adam,2982,53.93690252304077,0.0029771271177980434,0.0,0.01177911989607391,0.014756247013871954,,,,
2982,0.001,adam,2983,53.94916486740112,0.002970818892697854,0.0,0.011889910975319145,0.014860729868016998,,,,
2983,0.001,adam,2984,53.975128173828125,0.002979696253347084,0.0,0.008375349676587703,0.011355045929934787,,,,
2984,0.001,adam,2985,53.984721183776855,0.002998236567090159,0.0,0.19856441581066195,0.20156265237775212,,,,
2985,0.001,adam,2986,54.00186777114868,0.002992062656862199,0.0,0.012324557451509571,0.01531662010837177,,,,
2986,0.001,adam,2987,54.01262068748474,0.0029702502231260465,0.0,0.011449534914871756,0.014419785137997802,,,,
2987,0.001,adam,2988,54.023090839385986,0.002947165818289361,0.0,0.007611835274791448,0.010559001093080809,,,,
2988,0.001,adam,2989,54.03375506401062,0.002959845584099788,0.0,0.010303299969023658,0.013263145553123447,,,,
2989,0.001,adam,2990,54.047972202301025,0.00298520272819172,0.0,0.009882487704830852,0.012867690433022572,,,,
2990,0.001,adam,2991,54.061854124069214,0.002963722177679047,0.0,0.007774418127028129,0.010738140304707176,,,,
2991,0.001,adam,2992,54.071664571762085,0.0029649302251261427,0.0,0.007581304010835973,0.010546234235962116,,,,
2992,0.001,adam,2993,54.089176654815674,0.0029739801569246033,0.0,0.0088967200543669,0.011870700211291503,,,,
2993,0.001,adam,2994,54.09944748878479,0.002963644716527626,0.0,0.008758099177181362,0.011721743893708989,,,,
2994,0.001,adam,2995,54.11187481880188,0.0029607391288612216,0.0,0.00823715941435757,0.01119789854321879,,,,
2995,0.001,adam,2996,54.12253427505493,0.002954933250401926,0.0,0.007051230681718932,0.010006163932120858,,,,
2996,0.001,adam,2997,54.132646322250366,0.0029506508218151237,0.0,0.007820372882486834,0.010771023704301958,,,,
2997,0.001,adam,2998,54.14483571052551,0.0029471620341178974,0.0,0.008627365728280755,0.011574527762398652,,,,
2998,0.001,adam,2999,54.15458798408508,0.002941960799795746,0.0,0.010351602559803627,0.013293563359599372,,,,
2999,0.001,adam,3000,54.167524099349976,0.0029571450472485475,0.0,0.01314864056827936,0.016105785615527907,0.010290562849803845,0.0,0.009117725903530553,0.019408288753334398
3000,0.001,adam,3001,54.2016978263855,0.0029487409843229504,0.0,0.009321114315398202,0.012269855299721154,,,,
3001,0.001,adam,3002,54.22309851646423,0.002965611392396907,0.0,0.007866312403323764,0.01083192379572067,,,,
3002,0.001,adam,3003,54.23528337478638,0.0029799457885859915,0.0,0.00973066253870489,0.012710608327290882,,,,
3003,0.001,adam,3004,54.24520969390869,0.002965267514572135,0.0,0.010866638020491318,0.013831905535063454,,,,
3004,0.001,adam,3005,54.25541162490845,0.002977421095168462,0.0,0.01031509802148454,0.013292519116653002,,,,
3005,0.001,adam,3006,54.27089858055115,0.00295180654181552,0.0,0.008659029143364297,0.011610835685179816,,,,
3006,0.001,adam,3007,54.281633377075195,0.0029370795050675095,0.0,0.009861859399743414,0.012798938904810923,,,,
3007,0.001,adam,3008,54.29314589500427,0.0029607916471969874,0.0,0.008610990651609873,0.01157178229880686,,,,
3008,0.001,adam,3009,54.30314588546753,0.002965631305072792,0.0,0.008287935795616033,0.011253567100688824,,,,
3009,0.001,adam,3010,54.31309151649475,0.0029550524310824537,0.0,0.007553445428918118,0.010508497860000571,,,,
3010,0.001,adam,3011,54.32437610626221,0.0029379216810609394,0.0,0.010109519607776549,0.013047441288837489,,,,
3011,0.001,adam,3012,54.333754539489746,0.002936890640207043,0.0,0.01105039822430343,0.013987288864510472,,,,
3012,0.001,adam,3013,54.3470573425293,0.0029570549022057504,0.0,0.006823711541478645,0.009780766443684395,,,,
3013,0.001,adam,3014,54.357420206069946,0.002963400678091285,0.0,0.008579023878350679,0.011542424556441964,,,,
3014,0.001,adam,3015,54.36697196960449,0.0029461865801281907,0.0,0.006871703457469833,0.009817890037598023,,,,
3015,0.001,adam,3016,54.37710356712341,0.002928289902556023,0.0,0.008374209967861977,0.011302499870418,,,,
3016,0.001,adam,3017,54.388944149017334,0.0029236551849598233,0.0,0.00668668703972729,0.009610342224687114,,,,
3017,0.001,adam,3018,54.39915871620178,0.002928534321025273,0.0,0.010259122681087238,0.01318765700211251,,,,
3018,0.001,adam,3019,54.408981800079346,0.002927214521055472,0.0,0.008045393928428301,0.010972608449483773,,,,
3019,0.001,adam,3020,54.41966009140015,0.002923819336752475,0.0,0.011540706852322733,0.014464526189075209,0.010252295213773166,0.0,0.01008733315402629,0.020339628367799456
3020,0.001,adam,3021,54.44392442703247,0.0029324542963729537,0.0,0.010845305859879254,0.013777760156252207,,,,
3021,0.001,adam,3022,54.45603394508362,0.002922705833098893,0.0,0.010445017034246263,0.013367722867345156,,,,
3022,0.001,adam,3023,54.46821117401123,0.002932994299856334,0.0,0.024433100440529494,0.02736609474038583,,,,
3023,0.001,adam,3024,54.47960162162781,0.002931497199941314,0.0,0.0194796156072378,0.022411112807179116,,,,
3024,0.001,adam,3025,54.49147987365723,0.002953269087200266,0.0,0.018317170267309033,0.0212704393545093,,,,
3025,0.001,adam,3026,54.501290798187256,0.0029220996876016007,0.0,0.010502836530848696,0.013424936218450298,,,,
3026,0.001,adam,3027,54.513712644577026,0.002937558086310196,0.0,0.009562261189347197,0.012499819275657392,,,,
3027,0.001,adam,3028,54.52416253089905,0.002961030963733281,0.0,0.014018952493374615,0.016979983457107897,,,,
3028,0.001,adam,3029,54.534483194351196,0.002964632278591653,0.0,0.01396593287957543,0.01693056515816708,,,,
3029,0.001,adam,3030,54.548306465148926,0.002934079103810368,0.0,0.011257242383589775,0.014191321487400143,,,,
3030,0.001,adam,3031,54.558436155319214,0.0029224186781360672,0.0,0.008270100790254465,0.011192519468390533,,,,
3031,0.001,adam,3032,54.57225012779236,0.0029174831389436667,0.0,0.010539841395451279,0.013457324534394945,,,,
3032,0.001,adam,3033,54.582175970077515,0.0029252778512892366,0.0,0.013357778424040772,0.01628305627533001,,,,
3033,0.001,adam,3034,54.594289779663086,0.002907517840217332,0.0,0.009017537454232661,0.011925055294449993,,,,
3034,0.001,adam,3035,54.608760833740234,0.0029027193750932145,0.0,0.008846943042109754,0.01174966241720297,,,,
3035,0.001,adam,3036,54.61871814727783,0.0029136664914245092,0.0,0.009175753723895567,0.012089420215320076,,,,
3036,0.001,adam,3037,54.6320903301239,0.002922209624618122,0.0,0.013189746743202294,0.016111956367820417,,,,
3037,0.001,adam,3038,54.64258575439453,0.0029205679060125026,0.0,0.00910094150269328,0.012021509408705784,,,,
3038,0.001,adam,3039,54.65388607978821,0.002912597818678547,0.0,0.00790988276723859,0.010822480585917137,,,,
3039,0.001,adam,3040,54.663480281829834,0.0029258125005609007,0.0,0.010132158667938864,0.013057971168499764,0.010209878617817695,0.0,0.015489644658574617,0.025699523276392314
3040,0.001,adam,3041,54.683631896972656,0.002933883960427667,0.0,0.017953178863529096,0.020887062823956762,,,,
3041,0.001,adam,3042,54.69682240486145,0.002916267407454105,0.0,0.012323908364444164,0.01524017577189827,,,,
3042,0.001,adam,3043,54.706955909729004,0.002917287951568098,0.0,0.007965874465109508,0.010883162416677606,,,,
3043,0.001,adam,3044,54.71844434738159,0.0029159438005180852,0.0,0.00945116148629753,0.012367105286815614,,,,
3044,0.001,adam,3045,54.729395627975464,0.0029139096493118457,0.0,0.010314445266452338,0.013228354915764184,,,,
3045,0.001,adam,3046,54.746002435684204,0.0029314798197842685,0.0,0.014126736716551963,0.01705821653633623,,,,
3046,0.001,adam,3047,54.760146141052246,0.0029350592574037635,0.0,0.01585858684104195,0.018793646098445714,,,,
3047,0.001,adam,3048,54.77092409133911,0.0029238741261179316,0.0,0.010828226438092201,0.013752100564210133,,,,
3048,0.001,adam,3049,54.78306293487549,0.0029153876415697255,0.0,0.00871170451001963,0.011627092151589354,,,,
3049,0.001,adam,3050,54.79877805709839,0.0029143553462456268,0.0,0.01279746338980045,0.015711818736046077,,,,
3050,0.001,adam,3051,54.813870906829834,0.0029482283186920717,0.0,0.013049672778262456,0.01599790109695453,,,,
3051,0.001,adam,3052,54.824214458465576,0.0029115089858090027,0.0,0.008833673211348906,0.011745182197157908,,,,
3052,0.001,adam,3053,54.83384990692139,0.0029062918482497383,0.0,0.008008316537423728,0.010914608385673466,,,,
3053,0.001,adam,3054,54.845232248306274,0.0029081148673639917,0.0,0.010117912481472072,0.013026027348836063,,,,
3054,0.001,adam,3055,54.85616993904114,0.0029068010240263908,0.0,0.010131652482659962,0.013038453506686353,,,,
3055,0.001,adam,3056,54.86775803565979,0.0029034920873414133,0.0,0.008669966568846818,0.01157345865618823,,,,
3056,0.001,adam,3057,54.879738330841064,0.002906626398016731,0.0,0.014310222009948189,0.01721684840796492,,,,
3057,0.001,adam,3058,54.890742778778076,0.002916487178557721,0.0,0.009999452653840061,0.012915939832397782,,,,
3058,0.001,adam,3059,54.90033745765686,0.0029064385993581307,0.0,0.012737768611762578,0.015644207211120708,,,,
3059,0.001,adam,3060,54.91959571838379,0.0028887021951035682,0.0,0.008910461920848583,0.011799164115952152,0.010286958051047347,0.0,0.010120197710626942,0.02040715576167429
3060,0.001,adam,3061,54.939061403274536,0.0028773583682004437,0.0,0.008705666076716745,0.011583024444917189,,,,
3061,0.001,adam,3062,54.94904661178589,0.002880717194732201,0.0,0.009391213897999653,0.012271931092731853,,,,
3062,0.001,adam,3063,54.95848846435547,0.002893926240191068,0.0,0.008801186704503005,0.011695112944694074,,,,
3063,0.001,adam,3064,54.968504905700684,0.0028841221292589584,0.0,0.008379627794823992,0.01126374992408295,,,,
3064,0.001,adam,3065,54.98182511329651,0.0028709899424646055,0.0,0.010399657097225946,0.013270647039690551,,,,
3065,0.001,adam,3066,54.99172520637512,0.0028796396956921387,0.0,0.008248412144236836,0.011128051839928975,,,,
3066,0.001,adam,3067,55.00296425819397,0.0028896750476881533,0.0,0.00912521741228979,0.012014892459977944,,,,
3067,0.001,adam,3068,55.01437473297119,0.0028855872619292125,0.0,0.008077635820228636,0.01096322308215785,,,,
3068,0.001,adam,3069,55.02483057975769,0.0028730814086034544,0.0,0.008840224533672874,0.011713305942276328,,,,
3069,0.001,adam,3070,55.03581929206848,0.0028775660292683037,0.0,0.007727888296591157,0.010605454325859461,,,,
3070,0.001,adam,3071,55.04539895057678,0.0029052534928741434,0.0,0.008776111302814115,0.011681364795688258,,,,
3071,0.001,adam,3072,55.05598211288452,0.00290468915037703,0.0,0.006743845688636352,0.009648534839013382,,,,
3072,0.001,adam,3073,55.06642389297485,0.0028822666547635204,0.0,0.008362904061432367,0.011245170716195888,,,,
3073,0.001,adam,3074,55.079602003097534,0.0028839538853410655,0.0,0.01005194546979399,0.012935899355135056,,,,
3074,0.001,adam,3075,55.09018588066101,0.002905765165044081,0.0,0.013551445771427893,0.016457210936471973,,,,
3075,0.001,adam,3076,55.102150678634644,0.002897466055012093,0.0,0.009314742428541339,0.012212208483553432,,,,
3076,0.001,adam,3077,55.11305856704712,0.002884020384948407,0.0,0.008681139233056717,0.011565159618005125,,,,
3077,0.001,adam,3078,55.12548613548279,0.002879553640905201,0.0,0.011869639648789568,0.014749193289694769,,,,
3078,0.001,adam,3079,55.14437699317932,0.0028871875687487706,0.0,0.010158789438510578,0.01304597700725935,,,,
3079,0.001,adam,3080,55.15460920333862,0.0028873485149902684,0.0,0.008139678372456244,0.011027026887446513,0.010156630944752783,0.0,0.007875921755117393,0.018032552699870176
3080,0.001,adam,3081,55.176807165145874,0.0028822348036767705,0.0,0.007405325746666347,0.010287560550343118,,,,
3081,0.001,adam,3082,55.18687295913696,0.0028784406981938555,0.0,0.007581316576559788,0.010459757274753644,,,,
3082,0.001,adam,3083,55.1964545249939,0.002876784911488331,0.0,0.007748293300187134,0.010625078211675465,,,,
3083,0.001,adam,3084,55.20587658882141,0.002900349547830958,0.0,0.007943075240004593,0.010843424787835551,,,,
3084,0.001,adam,3085,55.21593427658081,0.002875558465795614,0.0,0.007695812194865118,0.010571370660660731,,,,
3085,0.001,adam,3086,55.22532773017883,0.0028661701274049077,0.0,0.00946716333444641,0.012333333461851318,,,,
3086,0.001,adam,3087,55.241716146469116,0.002876729664905694,0.0,0.01036454496070952,0.013241274625615215,,,,
3087,0.001,adam,3088,55.25511813163757,0.002896763107799216,0.0,0.008081642517304805,0.01097840562510402,,,,
3088,0.001,adam,3089,55.265704870224,0.0028778878854831846,0.0,0.006645813795199023,0.009523701680682208,,,,
3089,0.001,adam,3090,55.27623796463013,0.0028770442784913715,0.0,0.007966877831700827,0.010843922110192198,,,,
3090,0.001,adam,3091,55.29659581184387,0.002883434275294226,0.0,0.0063988426622895445,0.00928227693758377,,,,
3091,0.001,adam,3092,55.30753040313721,0.002872212263718378,0.0,0.007257149863818256,0.010129362127536633,,,,
3092,0.001,adam,3093,55.31818222999573,0.0028514661911321426,0.0,0.006699552607496202,0.009551018798628345,,,,
3093,0.001,adam,3094,55.32824206352234,0.00285253132516673,0.0,0.00883421962110734,0.01168675094627407,,,,
3094,0.001,adam,3095,55.33858823776245,0.0028652530443400073,0.0,0.008511000198704585,0.011376253243044592,,,,
3095,0.001,adam,3096,55.349873542785645,0.002855597169553187,0.0,0.014081328470125037,0.016936925639678226,,,,
3096,0.001,adam,3097,55.362586975097656,0.002864808610507701,0.0,0.010614936471323357,0.013479745081831059,,,,
3097,0.001,adam,3098,55.37411165237427,0.0028651257218662352,0.0,0.009949245620218008,0.012814371342084243,,,,
3098,0.001,adam,3099,55.38540482521057,0.0028791760990670187,0.0,0.006857747608355285,0.009736923707422305,,,,
3099,0.001,adam,3100,55.4063241481781,0.0028675104705735777,0.0,0.00737513347628062,0.010242643946854198,0.010180790185997714,0.0,0.009004938247772515,0.019185728433770227
3100,0.001,adam,3101,55.42935085296631,0.0028490258977134954,0.0,0.010388152234739493,0.013237178132452988,,,,
3101,0.001,adam,3102,55.43995690345764,0.002846775360560998,0.0,0.2174221735507987,0.2202689489113597,,,,
3102,0.001,adam,3103,55.449522495269775,0.002852001963531384,0.0,0.008295259728286205,0.011147261691817588,,,,
3103,0.001,adam,3104,55.46153903007507,0.0028414863453166054,0.0,0.008843192533849801,0.011684678879166407,,,,
3104,0.001,adam,3105,55.4715359210968,0.002830186371752239,0.0,0.0076757434287153025,0.010505929800467542,,,,
3105,0.001,adam,3106,55.48107385635376,0.002836781525701519,0.0,0.0059980082505258535,0.008834789776227373,,,,
3106,0.001,adam,3107,55.49029874801636,0.002843108597139121,0.0,0.008459650600988158,0.01130275919812728,,,,
3107,0.001,adam,3108,55.501259326934814,0.0028435107222674685,0.0,0.009073037421958613,0.011916548144226081,,,,
3108,0.001,adam,3109,55.51573204994202,0.0028458121342307308,0.0,0.011075080616167543,0.013920892750398274,,,,
3109,0.001,adam,3110,55.527504682540894,0.0028613928008295567,0.0,0.009994429646912693,0.012855822447742249,,,,
3110,0.001,adam,3111,55.537803649902344,0.0028511091654245696,0.0,0.009226458849875777,0.012077568015300346,,,,
3111,0.001,adam,3112,55.55059003829956,0.002838822693098326,0.0,0.006469008743174106,0.009307831436272432,,,,
3112,0.001,adam,3113,55.56067419052124,0.0028428411706160825,0.0,0.006865919308680929,0.009708760479297012,,,,
3113,0.001,adam,3114,55.573291540145874,0.0028556817170674576,0.0,0.009312179838001273,0.01216786155506873,,,,
3114,0.001,adam,3115,55.58951234817505,0.002848244458556866,0.0,0.009134114427748596,0.011982358886305462,,,,
3115,0.001,adam,3116,55.59953546524048,0.0028381266426565984,0.0,0.008185450798083638,0.011023577440740236,,,,
3116,0.001,adam,3117,55.61162447929382,0.0028451966884876024,0.0,0.008623063003853756,0.01146825969234136,,,,
3117,0.001,adam,3118,55.62781858444214,0.0028371435012716343,0.0,0.00794764200367867,0.010784785504950304,,,,
3118,0.001,adam,3119,55.655734062194824,0.0028278396648005284,0.0,0.008419387898944818,0.011247227563745348,,,,
3119,0.001,adam,3120,55.667587757110596,0.002829412936437348,0.0,0.008058684160475078,0.010888097096912425,0.010239916029332432,0.0,0.008074644051998047,0.018314560081330478
3120,0.001,adam,3121,55.689741134643555,0.0028426142114554125,0.0,0.006017111560511242,0.008859725771966654,,,,
3121,0.001,adam,3122,55.704129695892334,0.0028320856422063096,0.0,0.008339392448738924,0.011171478090945233,,,,
3122,0.001,adam,3123,55.71519637107849,0.002812798715159245,0.0,0.007279649493190224,0.010092448208349468,,,,
3123,0.001,adam,3124,55.72536015510559,0.002819141060356001,0.0,0.008936010218426129,0.01175515127878213,,,,
3124,0.001,adam,3125,55.73742079734802,0.002837646883783999,0.0,0.008233017852392546,0.011070664736176544,,,,
3125,0.001,adam,3126,55.747021436691284,0.002856563884124133,0.0,0.010463204603025793,0.013319768487149925,,,,
3126,0.001,adam,3127,55.75758218765259,0.00282343446008113,0.0,0.011839521130912854,0.014662955590993985,,,,
3127,0.001,adam,3128,55.76809740066528,0.002833803054447986,0.0,0.011636914858139441,0.014470717912587427,,,,
3128,0.001,adam,3129,55.77966570854187,0.0028321951328536326,0.0,0.011382606739508716,0.014214801872362348,,,,
3129,0.001,adam,3130,55.789167404174805,0.0028403712492911736,0.0,0.013695459810369875,0.016535831059661048,,,,
3130,0.001,adam,3131,55.80525755882263,0.0028451635439188687,0.0,0.007580872342943338,0.010426035886862205,,,,
3131,0.001,adam,3132,55.81648898124695,0.002818467332860586,0.0,0.009805823347625883,0.012624290680486469,,,,
3132,0.001,adam,3133,55.82726550102234,0.0028116467311656273,0.0,0.020811548690601346,0.023623195421766975,,,,
3133,0.001,adam,3134,55.83938503265381,0.002794597912245866,0.0,0.016730906339140865,0.01952550425138673,,,,
3134,0.001,adam,3135,55.85012650489807,0.0028107414018699027,0.0,0.01359590144264814,0.01640664284451804,,,,
3135,0.001,adam,3136,55.86633491516113,0.002787508430152295,0.0,0.008764806477013174,0.011552314907165469,,,,
3136,0.001,adam,3137,55.876323223114014,0.002788904086185381,0.0,0.009731729854468626,0.012520633940654006,,,,
3137,0.001,adam,3138,55.886725187301636,0.002797837650192455,0.0,0.013094896909980707,0.015892734560173163,,,,
3138,0.001,adam,3139,55.90113043785095,0.00280985608527485,0.0,0.009354531971930266,0.012164388057205117,,,,
3139,0.001,adam,3140,55.91138315200806,0.0028091101873022593,0.0,0.01385826279696425,0.01666737298426651,0.010150825388216546,0.0,0.00846402691137925,0.018614852299595794
3140,0.001,adam,3141,55.94608187675476,0.0028163558405174473,0.0,0.006895783141092534,0.009712138981609981,,,,
3141,0.001,adam,3142,55.95635271072388,0.002816292238928427,0.0,0.009813538110646388,0.012629830349574815,,,,
3142,0.001,adam,3143,55.96705222129822,0.002805185899231657,0.0,0.011194213184886882,0.013999399084118538,,,,
3143,0.001,adam,3144,55.97729682922363,0.002810648869989507,0.0,0.009462518726175637,0.012273167596165143,,,,
3144,0.001,adam,3145,55.9938440322876,0.0028103257034905256,0.0,0.011097992135401543,0.013908317838892069,,,,
3145,0.001,adam,3146,56.00430202484131,0.0027891674359211346,0.0,0.00600168892609027,0.008790856362011405,,,,
3146,0.001,adam,3147,56.016467332839966,0.0027919197854800516,0.0,0.015457463535999045,0.018249383321479098,,,,
3147,0.001,adam,3148,56.03445029258728,0.0028098999433594334,0.0,0.01979147985664237,0.022601379800001802,,,,
3148,0.001,adam,3149,56.0453827381134,0.002812091647296978,0.0,0.03034293253022773,0.03315502417752471,,,,
3149,0.001,adam,3150,56.059149503707886,0.002819079806744868,0.0,0.02138037066508746,0.024199450471832328,,,,
3150,0.001,adam,3151,56.070520877838135,0.002815727970395601,0.0,0.011227311228817734,0.014043039199213335,,,,
3151,0.001,adam,3152,56.080528020858765,0.002803339185486999,0.0,0.01431110706822461,0.01711444625371161,,,,
3152,0.001,adam,3153,56.09093904495239,0.0028546702654605066,0.0,0.0169462040083543,0.019800874273814807,,,,
3153,0.001,adam,3154,56.10411715507507,0.0027974287412910206,0.0,0.019700765097394275,0.022498193838685294,,,,
3154,0.001,adam,3155,56.11505389213562,0.002813781142540555,0.0,0.018093067519979765,0.02090684866252032,,,,
3155,0.001,adam,3156,56.12526559829712,0.0028021971140130327,0.0,0.012806026171018456,0.015608223285031489,,,,
3156,0.001,adam,3157,56.13566207885742,0.002804394238103658,0.0,0.007654857391392862,0.01045925162949652,,,,
3157,0.001,adam,3158,56.14579772949219,0.0027888469469659273,0.0,0.013221072068372659,0.016009919015338585,,,,
3158,0.001,adam,3159,56.166539430618286,0.002787855562723271,0.0,0.019066934290294595,0.021854789853017864,,,,
3159,0.001,adam,3160,56.176618576049805,0.0027905668716486157,0.0,0.011096957827527907,0.013887524699176522,0.010061515080624557,0.0,0.008957518780753184,0.01901903386137774
3160,0.001,adam,3161,56.199581146240234,0.002765253329091382,0.0,0.007989156269992036,0.010754409599083418,,,,
3161,0.001,adam,3162,56.209410190582275,0.0027694434036147175,0.0,0.01864646497436121,0.02141590837797593,,,,
3162,0.001,adam,3163,56.219844818115234,0.0027837151547553444,0.0,0.025903081668276873,0.028686796823032216,,,,
3163,0.001,adam,3164,56.22954440116882,0.0027761368020686548,0.0,0.02060869348218584,0.023384830284254497,,,,
3164,0.001,adam,3165,56.24082064628601,0.0027718625971963036,0.0,0.007986634572629854,0.010758497169826159,,,,
3165,0.001,adam,3166,56.25177192687988,0.0027866438061185453,0.0,0.01150731955040634,0.014293963356524886,,,,
3166,0.001,adam,3167,56.282799243927,0.0027933845985294086,0.0,0.02231860017502906,0.02511198477355847,,,,
3167,0.001,adam,3168,56.29781794548035,0.0027913970574283725,0.0,0.02721303601238354,0.030004433069811914,,,,
3168,0.001,adam,3169,56.30965304374695,0.0027817429312669926,0.0,0.018508554795151233,0.021290297726418224,,,,
3169,0.001,adam,3170,56.32726216316223,0.0027660631278250514,0.0,0.009156260371218517,0.011922323499043569,,,,
3170,0.001,adam,3171,56.33876061439514,0.002758380697428895,0.0,0.008493862844905494,0.01125224354233439,,,,
3171,0.001,adam,3172,56.348273277282715,0.0027588895270951354,0.0,0.024794889773375094,0.02755377930047023,,,,
3172,0.001,adam,3173,56.37437319755554,0.0027482829174109453,0.0,0.016380985896554262,0.019129268813965206,,,,
3173,0.001,adam,3174,56.38372588157654,0.002739343216567463,0.0,0.008030746581637011,0.010770089798204475,,,,
3174,0.001,adam,3175,56.394126892089844,0.002751561566137447,0.0,0.00861640225119464,0.011367963817332087,,,,
3175,0.001,adam,3176,56.40924620628357,0.0027480148402780845,0.0,0.018293755456904353,0.021041770297182436,,,,
3176,0.001,adam,3177,56.440434217453,0.0027533907588742387,0.0,0.01565962844442381,0.018413019203298048,,,,
3177,0.001,adam,3178,56.450230836868286,0.002744295967471131,0.0,0.016939221558704178,0.01968351752617531,,,,
3178,0.001,adam,3179,56.462048292160034,0.0027448029223573695,0.0,0.008611682925304849,0.011356485847662218,,,,
3179,0.001,adam,3180,56.47337627410889,0.002758293840671576,0.0,0.015583103525497683,0.018341397366169257,0.010170675132525913,0.0,0.013757781588585002,0.023928456721110915
3180,0.001,adam,3181,56.49886608123779,0.0028005423990940578,0.0,0.013410138761717963,0.01621068116081202,,,,
3181,0.001,adam,3182,56.51139831542969,0.002775912316352523,0.0,0.013113755280535011,0.015889667596887536,,,,
3182,0.001,adam,3183,56.528226375579834,0.0027783377252647017,0.0,0.03646868816429068,0.03924702588955538,,,,
3183,0.001,adam,3184,56.53981399536133,0.0028562292929369157,0.0,0.014150299278138306,0.017006528571075222,,,,
3184,0.001,adam,3185,56.55069375038147,0.002793644146187642,0.0,0.010401006538460012,0.013194650684647653,,,,
3185,0.001,adam,3186,56.5675995349884,0.0028183990211701586,0.0,0.009485922875918535,0.012304321897088693,,,,
3186,0.001,adam,3187,56.57867074012756,0.0027761277616280447,0.0,0.007711426826481843,0.010487554588109889,,,,
3187,0.001,adam,3188,56.58911967277527,0.0027834227209250933,0.0,0.010931515232736503,0.013714937953661596,,,,
3188,0.001,adam,3189,56.617125511169434,0.002798711313678157,0.0,0.010278141930022144,0.0130768532437003,,,,
3189,0.001,adam,3190,56.627198219299316,0.002804950807028163,0.0,0.011485606538311838,0.014290557345340002,,,,
3190,0.001,adam,3191,56.6582727432251,0.002832386119233714,0.0,0.011700633077083484,0.014533019196317198,,,,
3191,0.001,adam,3192,56.67066836357117,0.002778883821343676,0.0,0.01043834378404783,0.013217227605391506,,,,
3192,0.001,adam,3193,56.68226146697998,0.00278964146195769,0.0,0.013885390272839688,0.016675031734797376,,,,
3193,0.001,adam,3194,56.692609786987305,0.0027895176661743965,0.0,0.00955610655616187,0.012345624222336267,,,,
3194,0.001,adam,3195,56.70362615585327,0.0027988908660585956,0.0,0.01052775424049517,0.013326645106553764,,,,
3195,0.001,adam,3196,56.71761989593506,0.002781219107553938,0.0,0.008787680606027115,0.011568899713581052,,,,
3196,0.001,adam,3197,56.72779035568237,0.0027734473956439755,0.0,0.019995910256803133,0.022769357652447107,,,,
3197,0.001,adam,3198,56.737308502197266,0.002800433792589973,0.0,0.007847468405905661,0.010647902198495634,,,,
3198,0.001,adam,3199,56.74798536300659,0.0027911543475799823,0.0,0.009266577488530162,0.012057731836110145,,,,
3199,0.001,adam,3200,56.764341592788696,0.0027616711294267656,0.0,0.02271995821744304,0.025481629346869806,0.010165933662734584,0.0,0.010277904567471059,0.020443838230205645
3200,0.001,adam,3201,56.78606581687927,0.0027744034509007767,0.0,0.008505121677177962,0.011279525128078739,,,,
3201,0.001,adam,3202,56.79812216758728,0.0027961561447603415,0.0,0.010651356406448143,0.013447512551208485,,,,
3202,0.001,adam,3203,56.8076331615448,0.0027937243457452363,0.0,0.008545538003609849,0.011339262349355086,,,,
3203,0.001,adam,3204,56.82710409164429,0.0027721244349938274,0.0,0.010215852512286752,0.012987976947280579,,,,
3204,0.001,adam,3205,56.83765459060669,0.002764759643511219,0.0,0.014482798481313902,0.017247558124825122,,,,
3205,0.001,adam,3206,56.84695053100586,0.0027756034679152883,0.0,0.01157601488175118,0.014351618349666468,,,,
3206,0.001,adam,3207,56.86038112640381,0.002754647863142391,0.0,0.009109037150429175,0.011863685013571566,,,,
3207,0.001,adam,3208,56.879788875579834,0.0027812909686362043,0.0,0.010908875669385547,0.013690166638021752,,,,
3208,0.001,adam,3209,56.89436149597168,0.002761804318218163,0.0,0.010211648490646008,0.012973452808864172,,,,
3209,0.001,adam,3210,56.903531551361084,0.002768032514855587,0.0,0.012416134334765358,0.015184166849620945,,,,
3210,0.001,adam,3211,56.91806101799011,0.0027635739172044388,0.0,0.011804509748168152,0.014568083665372591,,,,
3211,0.001,adam,3212,56.93810319900513,0.002766409770090368,0.0,0.013098896672819637,0.015865306442910006,,,,
3212,0.001,adam,3213,56.957940101623535,0.002759158391435234,0.0,0.010468045874372238,0.013227204265807473,,,,
3213,0.001,adam,3214,56.96738576889038,0.0027649233235206294,0.0,0.010370210178247647,0.013135133501768276,,,,
3214,0.001,adam,3215,56.97894334793091,0.0027480542859031603,0.0,0.00788630798366434,0.0106343622695675,,,,
3215,0.001,adam,3216,56.988869190216064,0.0027210272348001086,0.0,0.012428107143863961,0.01514913437866407,,,,
3216,0.001,adam,3217,57.00300407409668,0.002736464067488346,0.0,0.006847877864748317,0.009584341932236663,,,,
3217,0.001,adam,3218,57.01476240158081,0.002758859979274631,0.0,0.011605396487535117,0.014364256466809748,,,,
3218,0.001,adam,3219,57.025604248046875,0.0027487925029635258,0.0,0.008127290583044813,0.010876083086008338,,,,
3219,0.001,adam,3220,57.036452293395996,0.002741083806677121,0.0,0.00866244520620925,0.011403529012886372,0.01024347230035811,0.0,0.009078887410294036,0.019322359710652146
3220,0.001,adam,3221,57.05882430076599,0.0027488399558932243,0.0,0.007357505742991441,0.010106345698884665,,,,
3221,0.001,adam,3222,57.06848406791687,0.002763335408823251,0.0,0.012284640912882618,0.015047976321705868,,,,
3222,0.001,adam,3223,57.078054666519165,0.0027548997106096543,0.0,0.010984301774118351,0.013739201484728005,,,,
3223,0.001,adam,3224,57.088610887527466,0.0027518552103454647,0.0,0.008543091052710916,0.01129494626305638,,,,
3224,0.001,adam,3225,57.10059475898743,0.0027621301839394286,0.0,0.008372671831951275,0.011134802015890705,,,,
3225,0.001,adam,3226,57.114118576049805,0.002790292486873801,0.0,0.015294003849827714,0.018084296336701514,,,,
3226,0.001,adam,3227,57.12700009346008,0.0027468407536685975,0.0,0.011926020912250177,0.014672861665918774,,,,
3227,0.001,adam,3228,57.14698386192322,0.002739284339478659,0.0,0.01295542018534902,0.015694704524827678,,,,
3228,0.001,adam,3229,57.17695069313049,0.0027276023462438573,0.0,0.008216529455874094,0.010944131802117951,,,,
3229,0.001,adam,3230,57.18623113632202,0.002756419654542787,0.0,0.008233382895561933,0.01098980255010472,,,,
3230,0.001,adam,3231,57.196327686309814,0.002725808416053465,0.0,0.008746975880827176,0.011472784296880641,,,,
3231,0.001,adam,3232,57.22218680381775,0.0027377995937525545,0.0,0.013033981775661946,0.0157717813694145,,,,
3232,0.001,adam,3233,57.2338809967041,0.0027334153525204728,0.0,0.012045633460377469,0.014779048812897941,,,,
3233,0.001,adam,3234,57.24357485771179,0.0027408043530682095,0.0,0.009649089283646587,0.012389893636714796,,,,
3234,0.001,adam,3235,57.25421142578125,0.0027480087980354907,0.0,0.008355599746669,0.01110360854470449,,,,
3235,0.001,adam,3236,57.26840925216675,0.002737549938326903,0.0,0.02989924087544889,0.032636790813775796,,,,
3236,0.001,adam,3237,57.2786591053009,0.0027299190979814796,0.0,0.012819888392883056,0.015549807490864535,,,,
3237,0.001,adam,3238,57.29014492034912,0.00271380573668293,0.0,0.015138721486314339,0.01785252722299727,,,,
3238,0.001,adam,3239,57.30180501937866,0.002705768955000395,0.0,0.006028865725716072,0.008734634680716467,,,,
3239,0.001,adam,3240,57.329298973083496,0.0027065015798161196,0.0,0.01046900323955994,0.013175504819376061,0.009856844597402796,0.0,0.011959481911514802,0.0218163265089176
3240,0.001,adam,3241,57.34879541397095,0.0027306994008323374,0.0,0.012096137026626546,0.014826836427458884,,,,
3241,0.001,adam,3242,57.35900902748108,0.0027311700657416255,0.0,0.024053705648701792,0.026784875714443417,,,,
3242,0.001,adam,3243,57.368621587753296,0.0027176517275922887,0.0,0.010783997534923127,0.013501649262515415,,,,
3243,0.001,adam,3244,57.37799310684204,0.002726495657542615,0.0,0.009210994362307568,0.011937490019850183,,,,
3244,0.001,adam,3245,57.39100503921509,0.002724525014058051,0.0,0.011051798200380644,0.013776323214438696,,,,
3245,0.001,adam,3246,57.40089416503906,0.002725839915739586,0.0,0.012556032959577666,0.015281872875317251,,,,
3246,0.001,adam,3247,57.411619901657104,0.002712054998497673,0.0,0.008614701810215803,0.011326756808713477,,,,
3247,0.001,adam,3248,57.43094062805176,0.002701104340958395,0.0,0.008212376609646771,0.010913480950605165,,,,
3248,0.001,adam,3249,57.441370248794556,0.002693278963985634,0.0,0.008828305264940906,0.011521584228926539,,,,
3249,0.001,adam,3250,57.452141523361206,0.0027022813898478167,0.0,0.006142565760468642,0.008844847150316458,,,,
3250,0.001,adam,3251,57.46322560310364,0.002704049773862803,0.0,0.007847195772699425,0.010551245546562227,,,,
3251,0.001,adam,3252,57.47755408287048,0.0026952968130986624,0.0,0.008679735608483586,0.011375032421582248,,,,
3252,0.001,adam,3253,57.490538120269775,0.002714325758151681,0.0,0.00662417011694004,0.00933849587509172,,,,
3253,0.001,adam,3254,57.50534534454346,0.002731972876159443,0.0,0.008831632701013304,0.011563605577172746,,,,
3254,0.001,adam,3255,57.51752161979675,0.002716641003829574,0.0,0.008884876568404991,0.011601517572234566,,,,
3255,0.001,adam,3256,57.53411936759949,0.002713960950315604,0.0,0.016733853945399117,0.019447814895714722,,,,
3256,0.001,adam,3257,57.54543709754944,0.0027283097211061704,0.0,0.008231882954044745,0.010960192675150915,,,,
3257,0.001,adam,3258,57.55669617652893,0.0027360912898383464,0.0,0.011559358886034593,0.014295450175872939,,,,
3258,0.001,adam,3259,57.57588291168213,0.002724318923243496,0.0,0.011522797466908267,0.014247116390151762,,,,
3259,0.001,adam,3260,57.597445249557495,0.002697472846696316,0.0,0.010629339306108102,0.013326812152804419,0.010036864110285978,0.0,0.007660383668337451,0.01769724777862343
3260,0.001,adam,3261,57.61786890029907,0.0026960980802996967,0.0,0.012779786116961043,0.01547588419726074,,,,
3261,0.001,adam,3262,57.64413547515869,0.002728522113897668,0.0,0.012836394402965742,0.01556491651686341,,,,
3262,0.001,adam,3263,57.65678310394287,0.0027317188021389587,0.0,0.014650727832828041,0.017382446634967,,,,
3263,0.001,adam,3264,57.67048621177673,0.002715225134264047,0.0,0.013263583892924142,0.01597880902718819,,,,
3264,0.001,adam,3265,57.67988634109497,0.002703875087250063,0.0,0.00867557326984606,0.011379448357096122,,,,
3265,0.001,adam,3266,57.70723342895508,0.002721470098755951,0.0,0.010012608678717344,0.012734078777473295,,,,
3266,0.001,adam,3267,57.72199487686157,0.0027197416693931155,0.0,0.017313508300336438,0.020033249969729553,,,,
3267,0.001,adam,3268,57.73258185386658,0.0026983244305213098,0.0,0.018998815613336963,0.021697140043858275,,,,
3268,0.001,adam,3269,57.74283409118652,0.002688059474668808,0.0,0.010459915661803407,0.013147975136472215,,,,
3269,0.001,adam,3270,57.75326681137085,0.0026886436642904956,0.0,0.00600641432035605,0.008695057984646546,,,,
3270,0.001,adam,3271,57.76482319831848,0.0027033423513786827,0.0,0.01278037902987807,0.015483721381256753,,,,
3271,0.001,adam,3272,57.77549171447754,0.002701384550359031,0.0,0.012979989398361586,0.015681373948720618,,,,
3272,0.001,adam,3273,57.78910517692566,0.0027112601085451963,0.0,0.010687096812867853,0.01339835692141305,,,,
3273,0.001,adam,3274,57.79900908470154,0.0027053556300054827,0.0,0.006779095575879611,0.009484451205885093,,,,
3274,0.001,adam,3275,57.81245803833008,0.002698102292600676,0.0,0.009580920086207123,0.012279022378807798,,,,
3275,0.001,adam,3276,57.83157253265381,0.0026861714296072723,0.0,0.014221315511090456,0.016907486940697727,,,,
3276,0.001,adam,3277,57.843414068222046,0.002699933604291598,0.0,0.015893311066143688,0.018593244670435286,,,,
3277,0.001,adam,3278,57.85372495651245,0.0027061033453120165,0.0,0.009841010200703085,0.012547113546015102,,,,
3278,0.001,adam,3279,57.865739822387695,0.002701821085625765,0.0,0.008708946894788527,0.011410767980414292,,,,
3279,0.001,adam,3280,57.87643766403198,0.0026959864965153566,0.0,0.014710997550156984,0.01740698404667234,0.009981267650277192,0.0,0.016183219403111068,0.02616448705338826
3280,0.001,adam,3281,57.922022104263306,0.002687534952349069,0.0,0.0160628638022613,0.01875039875461037,,,,
3281,0.001,adam,3282,57.93642067909241,0.0027085429312790348,0.0,0.012895132368489168,0.015603675299768202,,,,
3282,0.001,adam,3283,57.95225381851196,0.0026989159604074854,0.0,0.01900320413769808,0.021702120098105567,,,,
3283,0.001,adam,3284,57.962944984436035,0.002682526310116463,0.0,0.011006883680026617,0.01368940999014308,,,,
3284,0.001,adam,3285,57.97767972946167,0.0026661832562658474,0.0,0.019477426406156562,0.02214360966242241,,,,
3285,0.001,adam,3286,57.98814582824707,0.002671816641509477,0.0,0.02088192325253662,0.023553739894046098,,,,
3286,0.001,adam,3287,58.0219407081604,0.0026789860105435903,0.0,0.012680448895369612,0.015359434905913202,,,,
3287,0.001,adam,3288,58.041539907455444,0.0026834893833490407,0.0,0.0074460442298672925,0.010129533613216333,,,,
3288,0.001,adam,3289,58.05589723587036,0.00268968789275788,0.0,0.012114283865218551,0.01480397175797643,,,,
3289,0.001,adam,3290,58.0650520324707,0.002697184976931802,0.0,0.011531190871786669,0.014228375848718472,,,,
3290,0.001,adam,3291,58.07770371437073,0.0026807025730876633,0.0,0.01059359551429638,0.013274298087384045,,,,
3291,0.001,adam,3292,58.087825298309326,0.002666692556531228,0.0,0.007216244552590267,0.009882937109121494,,,,
3292,0.001,adam,3293,58.10061168670654,0.0026730516544481967,0.0,0.008711353170840203,0.011384404825288399,,,,
3293,0.001,adam,3294,58.11225199699402,0.0026706775473674033,0.0,0.009168881656060444,0.011839559203427847,,,,
3294,0.001,adam,3295,58.12284708023071,0.002670339965200551,0.0,0.008878146350601298,0.011548486315801848,,,,
3295,0.001,adam,3296,58.1328604221344,0.0026767340704733026,0.0,0.007091439073091188,0.009768173143564492,,,,
3296,0.001,adam,3297,58.143370151519775,0.002687086290578581,0.0,0.008343804630696703,0.011030890921275283,,,,
3297,0.001,adam,3298,58.153900146484375,0.0026882458471300355,0.0,0.011337351674973021,0.014025597522103056,,,,
3298,0.001,adam,3299,58.16428065299988,0.0026600432051567765,0.0,0.009301119767065014,0.01196116297222179,,,,
3299,0.001,adam,3300,58.17441987991333,0.0026391922264484605,0.0,0.018403057644173597,0.021042249870622056,0.010014558851694865,0.0,0.007353106531190977,0.017367665382885842
3300,0.001,adam,3301,58.198524713516235,0.0026542376179954142,0.0,0.008342018586341175,0.010996256204336589,,,,
3301,0.001,adam,3302,58.20770025253296,0.002676839408759995,0.0,0.007606571804796167,0.010283411213556162,,,,
3302,0.001,adam,3303,58.2215096950531,0.0026629000947703723,0.0,0.007682439421745716,0.010345339516516089,,,,
3303,0.001,adam,3304,58.23261380195618,0.002652014204056302,0.0,0.008786109387946776,0.011438123592003078,,,,
3304,0.001,adam,3305,58.24582624435425,0.002640835848564052,0.0,0.006103475956517148,0.0087443118050812,,,,
3305,0.001,adam,3306,58.26315093040466,0.002647081067618191,0.0,0.011666918939908653,0.014314000007526844,,,,
3306,0.001,adam,3307,58.275490045547485,0.0026331908456862924,0.0,0.05549703980805356,0.05813023065373985,,,,
3307,0.001,adam,3308,58.288031816482544,0.0026430790408206914,0.0,0.009329749400104042,0.011972828440924734,,,,
3308,0.001,adam,3309,58.29848384857178,0.0026399908407741344,0.0,0.007569472648313554,0.010209463489087689,,,,
3309,0.001,adam,3310,58.30825471878052,0.0026686313736438835,0.0,0.007458521935473676,0.01012715330911756,,,,
3310,0.001,adam,3311,58.32284450531006,0.002679649677899624,0.0,0.006677791280683004,0.009357440958582628,,,,
3311,0.001,adam,3312,58.33550143241882,0.0026724775690756923,0.0,0.005622607906202155,0.008295085475277847,,,,
3312,0.001,adam,3313,58.34559082984924,0.002673698856208653,0.0,0.005758200204813391,0.008431899061022045,,,,
3313,0.001,adam,3314,58.362447023391724,0.0026727668443614866,0.0,0.010114627260523753,0.01278739410488524,,,,
3314,0.001,adam,3315,58.37444758415222,0.0026585614991643234,0.0,0.01013356663351877,0.012792128132683094,,,,
3315,0.001,adam,3316,58.38463830947876,0.00265330050201007,0.0,0.011280534868369834,0.013933835370379904,,,,
3316,0.001,adam,3317,58.39479660987854,0.0026783992289141113,0.0,0.013231691402477219,0.01591009063139133,,,,
3317,0.001,adam,3318,58.405423164367676,0.002714921930314551,0.0,0.010141698266267487,0.012856620196582038,,,,
3318,0.001,adam,3319,58.41956448554993,0.002703105379650566,0.0,0.010277768655138797,0.012980874034789362,,,,
3319,0.001,adam,3320,58.42973494529724,0.0026807229575004595,0.0,0.011952677284234778,0.014633400241735237,0.009882911973685066,0.0,0.008304583064348961,0.018187495038034025
3320,0.001,adam,3321,58.45137810707092,0.0026957367197167426,0.0,0.007315039793708915,0.010010776513425659,,,,
3321,0.001,adam,3322,58.47063326835632,0.0027169091090960993,0.0,0.010440033176817073,0.013156942285913173,,,,
3322,0.001,adam,3323,58.48958110809326,0.002703734839492667,0.0,0.010239099464017817,0.012942834303510484,,,,
3323,0.001,adam,3324,58.499106645584106,0.0026890255483494655,0.0,0.008745455310383668,0.011434480858733134,,,,
3324,0.001,adam,3325,58.510427474975586,0.002693599726312609,0.0,0.010113905693730958,0.012807505420043566,,,,
3325,0.001,adam,3326,58.524821758270264,0.002697779940455997,0.0,0.015131001417969043,0.01782878135842504,,,,
3326,0.001,adam,3327,58.53536605834961,0.0026765660292778037,0.0,0.010638792987967955,0.01331535901724576,,,,
3327,0.001,adam,3328,58.54620552062988,0.00270758484005097,0.0,0.006887585757244555,0.009595170597295526,,,,
3328,0.001,adam,3329,58.570515632629395,0.0026966572450686723,0.0,0.007969711887939403,0.010666369133008075,,,,
3329,0.001,adam,3330,58.58509564399719,0.0026685184875970673,0.0,0.008274880481516806,0.010943398969113872,,,,
3330,0.001,adam,3331,58.596550941467285,0.0026598266143352243,0.0,0.008190014477557708,0.010849841091892931,,,,
3331,0.001,adam,3332,58.61959886550903,0.0026668770414809786,0.0,0.007039333753120161,0.00970621079460114,,,,
3332,0.001,adam,3333,58.647135972976685,0.0026771857207216238,0.0,0.008083477479428,0.010760663200149623,,,,
3333,0.001,adam,3334,58.65881705284119,0.002674252314075354,0.0,0.00737169000743911,0.010045942321514465,,,,
3334,0.001,adam,3335,58.66864204406738,0.002673025265569402,0.0,0.009201646121408039,0.011874671386977441,,,,
3335,0.001,adam,3336,58.6831910610199,0.0026904010663148467,0.0,0.007293495289623182,0.009983896355938028,,,,
3336,0.001,adam,3337,58.69413352012634,0.0027143344083359468,0.0,0.013605470111604462,0.016319804519940407,,,,
3337,0.001,adam,3338,58.70465850830078,0.0026857340936682476,0.0,0.011295775534561337,0.013981509628229584,,,,
3338,0.001,adam,3339,58.72002649307251,0.002657353619253761,0.0,0.008684352365035973,0.011341705984289734,,,,
3339,0.001,adam,3340,58.730350732803345,0.0026595720189894656,0.0,0.04791116635503912,0.05057073837402859,0.009781387806788496,0.0,0.00989291078895575,0.019674298595744245
3340,0.001,adam,3341,58.75123572349548,0.00268261387278537,0.0,0.010170177308750092,0.012852791181535463,,,,
3341,0.001,adam,3342,58.76620960235596,0.002659965756247315,0.0,0.010750060171871207,0.013410025928118522,,,,
3342,0.001,adam,3343,58.78266501426697,0.0026478427351434098,0.0,0.007617402286513272,0.010265245021656683,,,,
3343,0.001,adam,3344,58.79343509674072,0.002636367631234531,0.0,0.017809849549798897,0.020446217181033427,,,,
3344,0.001,adam,3345,58.807708501815796,0.002636297248892409,0.0,0.007870337178109931,0.01050663442700234,,,,
3345,0.001,adam,3346,58.817675828933716,0.002636474080916556,0.0,0.012537784479607544,0.0151742585605241,,,,
3346,0.001,adam,3347,58.82772898674011,0.0026249361915183993,0.0,0.012616782727388809,0.015241718918907209,,,,
3347,0.001,adam,3348,58.841961145401,0.002620268634778841,0.0,0.007429182680821493,0.010049451315600335,,,,
3348,0.001,adam,3349,58.85291337966919,0.002621185584045771,0.0,0.009118300054713981,0.011739485638759753,,,,
3349,0.001,adam,3350,58.862621545791626,0.002639701051091752,0.0,0.008457401166558349,0.0110971022176501,,,,
3350,0.001,adam,3351,58.87311911582947,0.00264042824300911,0.0,0.0071158248327039845,0.009756253075713095,,,,
3351,0.001,adam,3352,58.884060859680176,0.002627532048865791,0.0,0.006763168796038119,0.009390700844903909,,,,
3352,0.001,adam,3353,58.8969202041626,0.0026202621278675923,0.0,0.00721110657626795,0.009831368704135542,,,,
3353,0.001,adam,3354,58.90644669532776,0.0026236412102596963,0.0,0.007631973645645851,0.010255614855905548,,,,
3354,0.001,adam,3355,58.917202949523926,0.0026237655947256014,0.0,0.00964091614433115,0.012264681739056753,,,,
3355,0.001,adam,3356,58.92983031272888,0.0026139633067997297,0.0,0.008114223069336245,0.010728186376135975,,,,
3356,0.001,adam,3357,58.93914318084717,0.0026067958734182274,0.0,0.005840148576573343,0.00844694444999157,,,,
3357,0.001,adam,3358,58.94942927360535,0.002620192140935364,0.0,0.004874987946480009,0.007495180087415372,,,,
3358,0.001,adam,3359,58.960920572280884,0.0026244000878644746,0.0,0.0067537921601057704,0.009378192247970246,,,,
3359,0.001,adam,3360,58.97165584564209,0.0026088355547181853,0.0,0.005364551754932306,0.007973387309650491,0.009816814016313924,0.0,0.00794375899259954,0.017760573008913462
3360,0.001,adam,3361,58.99197292327881,0.0026015654517103676,0.0,0.008862331075632123,0.01146389652734249,,,,
3361,0.001,adam,3362,59.0016131401062,0.0026069536305279735,0.0,0.008356454132468438,0.010963407762996412,,,,
3362,0.001,adam,3363,59.03778886795044,0.002605221013891439,0.0,0.008786084966571,0.011391305980462438,,,,
3363,0.001,adam,3364,59.049309730529785,0.0026123977319255066,0.0,0.00746226563120383,0.010074663363129337,,,,
3364,0.001,adam,3365,59.081616163253784,0.002618127874588268,0.0,0.007711202405022775,0.010329330279611044,,,,
3365,0.001,adam,3366,59.0923011302948,0.002622984453223948,0.0,0.0096073492540348,0.012230333707258748,,,,
3366,0.001,adam,3367,59.10524940490723,0.0026087505597740942,0.0,0.008998724358879086,0.011607474918653181,,,,
3367,0.001,adam,3368,59.11599278450012,0.0026008318945234562,0.0,0.009108668023531757,0.011709499918055213,,,,
3368,0.001,adam,3369,59.12612509727478,0.0025986391003599315,0.0,0.00634324423706864,0.008941883337428572,,,,
3369,0.001,adam,3370,59.13650727272034,0.0025953926402426273,0.0,0.006308574262421507,0.008903966902664134,,,,
3370,0.001,adam,3371,59.14871263504028,0.0026058456729231897,0.0,0.00841787527799961,0.0110237209509228,,,,
3371,0.001,adam,3372,59.16022801399231,0.0026058742314244297,0.0,0.00645461379956766,0.00906048803099209,,,,
3372,0.001,adam,3373,59.1763870716095,0.0026001297875846274,0.0,0.009821426020988564,0.012421555808573192,,,,
3373,0.001,adam,3374,59.18645191192627,0.002612393450184643,0.0,0.00806388873420022,0.010676282184384864,,,,
3374,0.001,adam,3375,59.21048355102539,0.0026270167646692925,0.0,0.011167678918122717,0.01379469568279201,,,,
3375,0.001,adam,3376,59.220773696899414,0.0026118819708878856,0.0,0.02022476525970982,0.022836647230597702,,,,
3376,0.001,adam,3377,59.23138499259949,0.0026484396947323895,0.0,0.011869364845567656,0.014517804540300046,,,,
3377,0.001,adam,3378,59.245612382888794,0.002639300382917446,0.0,0.01090313906755803,0.013542439450475476,,,,
3378,0.001,adam,3379,59.255805253982544,0.002632621656316011,0.0,0.009764552769368018,0.01239717442568403,,,,
3379,0.001,adam,3380,59.26482796669006,0.002614936383594294,0.0,0.009345756527057665,0.011960692910651959,0.009796530601213578,0.0,0.007185393835688711,0.016981924436902288
3380,0.001,adam,3381,59.28481864929199,0.0026146916825252127,0.0,0.007323499911485815,0.009938191594011027,,,,
3381,0.001,adam,3382,59.30380725860596,0.0026364479588166672,0.0,0.009690743222072326,0.012327191180888993,,,,
3382,0.001,adam,3383,59.313860177993774,0.0026244735852852296,0.0,0.011199753708543618,0.013824227293828848,,,,
3383,0.001,adam,3384,59.324116230010986,0.0026229981263221017,0.0,0.21000963702848113,0.21263263515480324,,,,
3384,0.001,adam,3385,59.33579397201538,0.0026060312661469274,0.0,0.01047149562424985,0.013077526890396778,,,,
3385,0.001,adam,3386,59.3467321395874,0.0025908239380963436,0.0,0.010657278890866647,0.01324810282896299,,,,
3386,0.001,adam,3387,59.36016058921814,0.0026037882474878333,0.0,0.012075283525914941,0.014679071773402774,,,,
3387,0.001,adam,3388,59.37691307067871,0.0026122638561333162,0.0,0.009983390734052808,0.012595654590186123,,,,
3388,0.001,adam,3389,59.38831043243408,0.0026085184407160238,0.0,0.006963936032340466,0.00957245447305649,,,,
3389,0.001,adam,3390,59.402482748031616,0.002607431236092002,0.0,0.009210286887987038,0.01181771812407904,,,,
3390,0.001,adam,3391,59.41422629356384,0.0026028748682989152,0.0,0.011018098954192689,0.013620973822491604,,,,
3391,0.001,adam,3392,59.42880821228027,0.002607328724814919,0.0,0.011542617721046543,0.014149946445861462,,,,
3392,0.001,adam,3393,59.44138193130493,0.002605777811678945,0.0,0.00870172439935785,0.011307502211036794,,,,
3393,0.001,adam,3394,59.45375299453735,0.0025975201536019127,0.0,0.010470713841901458,0.013068233995503371,,,,
3394,0.001,adam,3395,59.46436595916748,0.002621973584408212,0.0,0.008812462771094936,0.011434436355503149,,,,
3395,0.001,adam,3396,59.47486066818237,0.0025955452911233996,0.0,0.008706500495875933,0.011302045786999332,,,,
3396,0.001,adam,3397,59.49468493461609,0.002611569721560267,0.0,0.014642893790064181,0.01725446351162445,,,,
3397,0.001,adam,3398,59.511531352996826,0.0026122628863733876,0.0,0.010101191077434405,0.012713453963807794,,,,
3398,0.001,adam,3399,59.52866458892822,0.002631122712806392,0.0,0.009270782292975894,0.011901905005782285,,,,
3399,0.001,adam,3400,59.54113531112671,0.002591374974986678,0.0,0.009745526073053016,0.012336901048039695,0.009766477794438436,0.0,0.012055453428225343,0.02182193122266378
3400,0.001,adam,3401,59.56039786338806,0.002577664812753128,0.0,0.013328064318027253,0.01590572913078038,,,,
3401,0.001,adam,3402,59.56970572471619,0.0026111345134085563,0.0,0.013451224352029653,0.01606235886543821,,,,
3402,0.001,adam,3403,59.58398747444153,0.0026025790902762867,0.0,0.014708818112515749,0.017311397202792036,,,,
3403,0.001,adam,3404,59.59499430656433,0.0025803502441188327,0.0,0.00839032938539196,0.010970679629510793,,,,
3404,0.001,adam,3405,59.60653638839722,0.0025719957527007616,0.0,0.015507273791895804,0.018079269544596564,,,,
3405,0.001,adam,3406,59.63105225563049,0.0025911339843214596,0.0,0.010597687294675102,0.013188821278996562,,,,
3406,0.001,adam,3407,59.64066433906555,0.0026021787312147317,0.0,0.017028306303727824,0.019630485034942555,,,,
3407,0.001,adam,3408,59.65399360656738,0.0025930484147171783,0.0,0.018466413014759042,0.02105946142947622,,,,
3408,0.001,adam,3409,59.66658067703247,0.0025794101942101856,0.0,0.008542133040861025,0.01112154323507121,,,,
3409,0.001,adam,3410,59.67853116989136,0.002572602988225691,0.0,0.0062179662471688575,0.00879056923539455,,,,
3410,0.001,adam,3411,59.688008308410645,0.0025756535665015894,0.0,0.010304007317282728,0.012879660883784318,,,,
3411,0.001,adam,3412,59.69782900810242,0.0025873328232934333,0.0,0.01325491681368316,0.015842249636976592,,,,
3412,0.001,adam,3413,59.708269119262695,0.002587997426947809,0.0,0.014463779508533925,0.017051776935481735,,,,
3413,0.001,adam,3414,59.72028350830078,0.002593366471622446,0.0,0.007712164793467739,0.010305531265090186,,,,
3414,0.001,adam,3415,59.73066830635071,0.002568374049987284,0.0,0.005624800856087075,0.008193174906074359,,,,
3415,0.001,adam,3416,59.740066051483154,0.002553303074599671,0.0,0.006980624187522133,0.009533927262121804,,,,
3416,0.001,adam,3417,59.75113248825073,0.002553512950810673,0.0,0.00700603059841442,0.009559543549225093,,,,
3417,0.001,adam,3418,59.76106333732605,0.002546341347523172,0.0,0.006283595301655895,0.008829936649179066,,,,
3418,0.001,adam,3419,59.77784824371338,0.0025345331150785225,0.0,0.011615864588095819,0.01415039770317434,,,,
3419,0.001,adam,3420,59.78901147842407,0.002542080401988035,0.0,0.012850265762432941,0.015392346164420976,0.009857658285763939,0.0,0.012522622445838644,0.022380280731602583
3420,0.001,adam,3421,59.80873084068298,0.002557443454716323,0.0,0.012228848036945733,0.014786291491662057,,,,
3421,0.001,adam,3422,59.82801055908203,0.002547789667695547,0.0,0.011400080485138433,0.01394787015283398,,,,
3422,0.001,adam,3423,59.83856916427612,0.002543347275152276,0.0,0.010175468957530078,0.012718816232682353,,,,
3423,0.001,adam,3424,59.84838318824768,0.002571951119875447,0.0,0.009569535089511059,0.012141486209386506,,,,
3424,0.001,adam,3425,59.86314105987549,0.00258441107409911,0.0,0.012979098059024932,0.015563509133124043,,,,
3425,0.001,adam,3426,59.88082003593445,0.002539828593642361,0.0,0.00929793970739477,0.011837768301037131,,,,
3426,0.001,adam,3427,59.89625334739685,0.002548623620513518,0.0,0.007595488837982141,0.010144112458495658,,,,
3427,0.001,adam,3428,59.90682792663574,0.002588603212120973,0.0,0.013789724550273132,0.016378327762394104,,,,
3428,0.001,adam,3429,59.92238759994507,0.0025818012702322566,0.0,0.01529201968067628,0.017873820950908538,,,,
3429,0.001,adam,3430,59.93456172943115,0.002569263235603302,0.0,0.021398878201068526,0.02396814143667183,,,,
3430,0.001,adam,3431,59.94513654708862,0.002577128422726198,0.0,0.02271424708433182,0.02529137550705802,,,,
3431,0.001,adam,3432,59.954981327056885,0.0025622135163629583,0.0,0.011952732156798821,0.01451494567316178,,,,
3432,0.001,adam,3433,59.9690682888031,0.00255207142728899,0.0,0.01165156960768968,0.01420364103497867,,,,
3433,0.001,adam,3434,59.979119062423706,0.0025760991884242143,0.0,0.026820238566335235,0.02939633775475945,,,,
3434,0.001,adam,3435,59.99472498893738,0.0025514662957248162,0.0,0.038674057960604406,0.04122552425632922,,,,
3435,0.001,adam,3436,60.00449800491333,0.00257483699569503,0.0,0.024783753600016462,0.027358590595711493,,,,
3436,0.001,adam,3437,60.01717162132263,0.0025474119171800735,0.0,0.013306079345793245,0.015853491262973318,,,,
3437,0.001,adam,3438,60.04019856452942,0.002549586304685074,0.0,0.01772445685449564,0.020274043159180716,,,,
3438,0.001,adam,3439,60.05245518684387,0.0025477731937428388,0.0,0.02967580892498719,0.032223582118730026,,,,
3439,0.001,adam,3440,60.061309576034546,0.0025784241307372623,0.0,0.027236456821154893,0.029814880951892157,0.009862959844023302,0.0,0.013201316265088485,0.023064276109111787
3440,0.001,adam,3441,60.08031177520752,0.002589233742375994,0.0,0.009770241875150352,0.012359475617526346,,,,
3441,0.001,adam,3442,60.09946322441101,0.002560812362944898,0.0,0.01752230493881648,0.020083117301761377,,,,
3442,0.001,adam,3443,60.114986181259155,0.0025493297609818417,0.0,0.01860978425288401,0.021159114013865853,,,,
3443,0.001,adam,3444,60.125407695770264,0.0025552866344527507,0.0,0.015416748667499902,0.01797203530195265,,,,
3444,0.001,adam,3445,60.139760971069336,0.002563568969874474,0.0,0.010830004227648864,0.013393573197523339,,,,
3445,0.001,adam,3446,60.14932417869568,0.0025540340116724848,0.0,0.00828823923798234,0.010842273249654824,,,,
3446,0.001,adam,3447,60.16686224937439,0.002547501717791629,0.0,0.015473561075916784,0.018021062793708412,,,,
3447,0.001,adam,3448,60.17687630653381,0.0025167991937840744,0.0,0.008032592926209163,0.010549392119993237,,,,
3448,0.001,adam,3449,60.18831443786621,0.0025271303438972738,0.0,0.00972561942607401,0.012252749769971285,,,,
3449,0.001,adam,3450,60.200783014297485,0.0025253489615914043,0.0,0.012077245897350158,0.014602594858941562,,,,
3450,0.001,adam,3451,60.216137409210205,0.0025395555559028803,0.0,0.016290613538730417,0.0188301690946333,,,,
3451,0.001,adam,3452,60.22684979438782,0.0025426340556571336,0.0,0.007110808875269878,0.00965344293092701,,,,
3452,0.001,adam,3453,60.23853659629822,0.0025697846950094054,0.0,0.009138278372938518,0.011708063067947923,,,,
3453,0.001,adam,3454,60.25597810745239,0.0025702994672401206,0.0,0.012772466295225549,0.015342765762465668,,,,
3454,0.001,adam,3455,60.27510952949524,0.0025324963194603934,0.0,0.010995238527457606,0.013527734846918,,,,
3455,0.001,adam,3456,60.29226326942444,0.002537330458074141,0.0,0.00677086900281519,0.00930819946088933,,,,
3456,0.001,adam,3457,60.30182671546936,0.0025487989708985847,0.0,0.008522508120366364,0.01107130709126495,,,,
3457,0.001,adam,3458,60.311277627944946,0.0025407432801300028,0.0,0.007599985653116158,0.01014072893324616,,,,
3458,0.001,adam,3459,60.32323217391968,0.0025380322952895202,0.0,0.006768842714843543,0.009306875010133064,,,,
3459,0.001,adam,3460,60.33607745170593,0.002525355236048793,0.0,0.010908925429826393,0.013434280665875186,0.009765509109446938,0.0,0.007862715329429547,0.017628224438876485
3460,0.001,adam,3461,60.36569595336914,0.002511556406443555,0.0,0.006630825856578422,0.009142382263021977,,,,
3461,0.001,adam,3462,60.37736463546753,0.002558455730137112,0.0,0.007273974229121462,0.009832429959258574,,,,
3462,0.001,adam,3463,60.39034175872803,0.0025783259368804884,0.0,0.006853472903973363,0.009431798840853852,,,,
3463,0.001,adam,3464,60.40212035179138,0.00256049635819501,0.0,0.00874805543125856,0.011308551789453569,,,,
3464,0.001,adam,3465,60.41216492652893,0.0025377820844866912,0.0,0.008551313181368503,0.011089095265855194,,,,
3465,0.001,adam,3466,60.42741894721985,0.0025202201251789584,0.0,0.009506703306389865,0.012026923431568824,,,,
3466,0.001,adam,3467,60.43740630149841,0.0025355219107187463,0.0,0.01054020324702903,0.013075725157747776,,,,
3467,0.001,adam,3468,60.44738173484802,0.0025490340825257743,0.0,0.006730696477749112,0.009279730560274887,,,,
3468,0.001,adam,3469,60.4573609828949,0.002537286772788623,0.0,0.00747646545654973,0.010013752229338353,,,,
3469,0.001,adam,3470,60.47440838813782,0.002513201338330279,0.0,0.008682642439375316,0.011195843777705595,,,,
3470,0.001,adam,3471,60.48536920547485,0.0025231695613999123,0.0,0.011107107297047222,0.013630276858447133,,,,
3471,0.001,adam,3472,60.4964714050293,0.0025310244352000555,0.0,0.008272208824290209,0.010803233259490265,,,,
3472,0.001,adam,3473,60.507834672927856,0.002517227947188703,0.0,0.005439941597048745,0.007957169544237447,,,,
3473,0.001,adam,3474,60.51859211921692,0.0024952841921824613,0.0,0.009113070667190557,0.011608354859373018,,,,
3474,0.001,adam,3475,60.530866622924805,0.002497843584690108,0.0,0.009127116844153372,0.01162496042884348,,,,
3475,0.001,adam,3476,60.54160928726196,0.0024976735269441734,0.0,0.009032955466312765,0.011530628993256938,,,,
3476,0.001,adam,3477,60.553191900253296,0.0025035622044024784,0.0,0.031944358830306704,0.034447921034709186,,,,
3477,0.001,adam,3478,60.56341600418091,0.00250409478956339,0.0,0.009344134296680311,0.011848229086243701,,,,
3478,0.001,adam,3479,60.57915759086609,0.0025103957177114093,0.0,0.007602468216135605,0.010112863933847015,,,,
3479,0.001,adam,3480,60.58866310119629,0.0025173048815384097,0.0,0.006721068241042139,0.009238373122580548,0.009613563646934992,0.0,0.007946525495621833,0.017560089142556825
3480,0.001,adam,3481,60.62294387817383,0.0025174999181047865,0.0,0.007968071399943913,0.0104855713180487,,,,
3481,0.001,adam,3482,60.633824825286865,0.0025248056159009958,0.0,0.009332599650187585,0.01185740526608858,,,,
3482,0.001,adam,3483,60.65089440345764,0.002529697365920451,0.0,0.006923540599452126,0.009453237965372577,,,,
3483,0.001,adam,3484,60.662023067474365,0.002531972860687974,0.0,0.006070013387622751,0.008601986248310725,,,,
3484,0.001,adam,3485,60.67590880393982,0.0025205171077632496,0.0,0.015071285390841432,0.017591802498604682,,,,
3485,0.001,adam,3486,60.6853346824646,0.0025302973160181924,0.0,0.01145497788411633,0.013985275200134522,,,,
3486,0.001,adam,3487,60.6951642036438,0.0025310611946044404,0.0,0.01185638710443153,0.01438744829903597,,,,
3487,0.001,adam,3488,60.7048077583313,0.0025286628183664424,0.0,0.006812594757443236,0.009341257575809678,,,,
3488,0.001,adam,3489,60.714643716812134,0.002519331521619894,0.0,0.008365032982731925,0.01088436450435182,,,,
3489,0.001,adam,3490,60.72467279434204,0.0025167206453614293,0.0,0.008125166668018862,0.010641887313380291,,,,
3490,0.001,adam,3491,60.7384090423584,0.0025154496532827646,0.0,0.008142481172536539,0.010657930825819303,,,,
3491,0.001,adam,3492,60.74969506263733,0.0025070043544206735,0.0,0.006333031269250422,0.008840035623671095,,,,
3492,0.001,adam,3493,60.76242280006409,0.0025052465510859516,0.0,0.005632397557554711,0.008137644108640662,,,,
3493,0.001,adam,3494,60.773550510406494,0.002505414540645466,0.0,0.006799206940786359,0.009304621481431824,,,,
3494,0.001,adam,3495,60.786118268966675,0.002497125480311682,0.0,0.008972199220343615,0.011469324700655297,,,,
3495,0.001,adam,3496,60.79519081115723,0.002499669133769395,0.0,0.008670080134794322,0.011169749268563716,,,,
3496,0.001,adam,3497,60.8170120716095,0.0025020301560117596,0.0,0.006531641237390936,0.009033671393402696,,,,
3497,0.001,adam,3498,60.82707905769348,0.0025015491844246783,0.0,0.010361533880872973,0.01286308306529765,,,,
3498,0.001,adam,3499,60.83659648895264,0.00251060094292141,0.0,0.010919228620983167,0.013429829563904577,,,,
3499,0.001,adam,3500,60.85262966156006,0.0024957630062580646,0.0,0.00923678247740924,0.011732545483667305,0.009717089255004656,0.0,0.008075905886728307,0.017792995141732965
3500,0.001,adam,3501,60.87430667877197,0.002493609130467762,0.0,0.011411354543198398,0.01390496367366616,,,,
3501,0.001,adam,3502,60.8835666179657,0.0024893051426866926,0.0,0.008039140005123893,0.010528445147810586,,,,
3502,0.001,adam,3503,60.89319324493408,0.0025080062477225665,0.0,0.012174466809094085,0.014682473056816652,,,,
3503,0.001,adam,3504,60.903425455093384,0.0025138648068781383,0.0,0.016736099995105492,0.01924996480198363,,,,
3504,0.001,adam,3505,60.91330647468567,0.002513023734117961,0.0,0.01038027211723916,0.012893295851357121,,,,
3505,0.001,adam,3506,60.92323088645935,0.002497145919621854,0.0,0.008161029541285206,0.01065817546090706,,,,
3506,0.001,adam,3507,60.942530155181885,0.0025296516296121813,0.0,0.02016647802912503,0.022696129658737213,,,,
3507,0.001,adam,3508,60.95600748062134,0.002542299688189602,0.0,0.030211622534043546,0.032753922222233146,,,,
3508,0.001,adam,3509,60.967175245285034,0.0025257787502711063,0.0,0.020367229694022965,0.02289300844429407,,,,
3509,0.001,adam,3510,60.978039264678955,0.0025353349478799744,0.0,0.008480919439518435,0.01101625438739841,,,,
3510,0.001,adam,3511,60.9891095161438,0.002491250919507821,0.0,0.009037456986895915,0.011528707906403736,,,,
3511,0.001,adam,3512,61.00258135795593,0.0024802816834129746,0.0,0.017941024728196853,0.02042130641160983,,,,
3512,0.001,adam,3513,61.01408386230469,0.0024749304333016114,0.0,0.026510644454482625,0.028985574887784235,,,,
3513,0.001,adam,3514,61.026230812072754,0.002488118728070991,0.0,0.011194299934465737,0.013682418662536729,,,,
3514,0.001,adam,3515,61.03838062286377,0.002491270399249383,0.0,0.008919626294908483,0.011410896694157867,,,,
3515,0.001,adam,3516,61.04772615432739,0.002503902405899471,0.0,0.0250415645679831,0.02754546697388257,,,,
3516,0.001,adam,3517,61.058035135269165,0.0025009616108703616,0.0,0.03804197540926537,0.040542937020135734,,,,
3517,0.001,adam,3518,61.07245683670044,0.002490864936855577,0.0,0.010128675530259753,0.01261954046711533,,,,
3518,0.001,adam,3519,61.08328723907471,0.0024878307992801884,0.0,0.016492821312355736,0.018980652111635923,,,,
3519,0.001,adam,3520,61.099228858947754,0.0024856153576672093,0.0,0.03949181618542315,0.04197743154309036,0.009830614473673338,0.0,0.02616041551643574,0.03599102999010908
3520,0.001,adam,3521,61.1164014339447,0.00248878087761399,0.0,0.027345561098199838,0.02983434197581383,,,,
3521,0.001,adam,3522,61.127026319503784,0.0024531192192450073,0.0,0.009771127812263115,0.012224247031508123,,,,
3522,0.001,adam,3523,61.13825750350952,0.0024473523547016334,0.0,0.016110090888869544,0.018557443243571177,,,,
3523,0.001,adam,3524,61.14807724952698,0.002478576948664804,0.0,0.022315091815995933,0.024793668764660735,,,,
3524,0.001,adam,3525,61.174073696136475,0.002484940886982142,0.0,0.01275719453117923,0.015242135418161372,,,,
3525,0.001,adam,3526,61.184173345565796,0.0024814450532318873,0.0,0.015798315931391037,0.018279760984622924,,,,
3526,0.001,adam,3527,61.20155072212219,0.002478461138115752,0.0,0.02283078116231816,0.025309242300433913,,,,
3527,0.001,adam,3528,61.213600158691406,0.002457398125907225,0.0,0.01413905203637018,0.016596450162277405,,,,
3528,0.001,adam,3529,61.22398543357849,0.002452043569386251,0.0,0.00813792628309686,0.010589969852483111,,,,
3529,0.001,adam,3530,61.23374128341675,0.0024712111472331966,0.0,0.02057759124565666,0.023048802392889856,,,,
3530,0.001,adam,3531,61.24514698982239,0.0024613346443027265,0.0,0.01886004289166271,0.021321377535965434,,,,
3531,0.001,adam,3532,61.25443410873413,0.002452131108935918,0.0,0.008779804669415006,0.011231935778350924,,,,
3532,0.001,adam,3533,61.26674675941467,0.002462346510516567,0.0,0.01603567650413813,0.018498023014654696,,,,
3533,0.001,adam,3534,61.277339696884155,0.0024861331006078577,0.0,0.02109645071798045,0.023582583818588305,,,,
3534,0.001,adam,3535,61.290905237197876,0.002469573968360456,0.0,0.009882743698464317,0.012352317666824774,,,,
3535,0.001,adam,3536,61.30171751976013,0.0024792095603664746,0.0,0.00989260174859322,0.012371811308959695,,,,
3536,0.001,adam,3537,61.323179483413696,0.0024766101382561745,0.0,0.018926398947295118,0.021403009085551292,,,,
3537,0.001,adam,3538,61.33304572105408,0.002444938078458316,0.0,0.013762192670825613,0.01620713074928393,,,,
3538,0.001,adam,3539,61.35297346115112,0.0024312458329079837,0.0,0.0051585242689522574,0.007589770101860242,,,,
3539,0.001,adam,3540,61.36350393295288,0.002441749275206253,0.0,0.011721458298790736,0.01416320757399699,0.009727667195704554,0.0,0.010541088053629586,0.02026875524933414
3540,0.001,adam,3541,61.387579679489136,0.0024437547682161147,0.0,0.009151867600995369,0.011595622369211484,,,,
3541,0.001,adam,3542,61.40087532997131,0.0024440632827209792,0.0,0.009185648093974444,0.011629711376695422,,,,
3542,0.001,adam,3543,61.41789531707764,0.0024650844460225264,0.0,0.013373306171674666,0.015838390617697193,,,,
3543,0.001,adam,3544,61.43294835090637,0.002459879109192741,0.0,0.015477863700411243,0.017937742809603984,,,,
3544,0.001,adam,3545,61.444374322891235,0.0024535120564104676,0.0,0.008356147702760617,0.010809659759171085,,,,
3545,0.001,adam,3546,61.45375418663025,0.002441043393376894,0.0,0.007997485240180003,0.010438528633556897,,,,
3546,0.001,adam,3547,61.463377714157104,0.002449072550465658,0.0,0.011368813070868105,0.013817885621333762,,,,
3547,0.001,adam,3548,61.47467827796936,0.0024473023896300523,0.0,0.01003875589702835,0.012486058286658403,,,,
3548,0.001,adam,3549,61.486124753952026,0.002433409808440917,0.0,0.013423184180223074,0.01585659398866399,,,,
3549,0.001,adam,3550,61.49911546707153,0.002449766141774324,0.0,0.010915500125597794,0.013365266267372118,,,,
3550,0.001,adam,3551,61.510016679763794,0.0024506119242620004,0.0,0.008559605676557475,0.011010217600819475,,,,
3551,0.001,adam,3552,61.52204513549805,0.0024421595139621703,0.0,0.006372633162753438,0.008814792676715609,,,,
3552,0.001,adam,3553,61.53967261314392,0.002446327045886065,0.0,0.010003883170008564,0.012450210215894628,,,,
3553,0.001,adam,3554,61.551522970199585,0.0024485001030522704,0.0,0.006187637738073249,0.00863613784112552,,,,
3554,0.001,adam,3555,61.56150150299072,0.002455869351732208,0.0,0.008054758733087497,0.010510628084819704,,,,
3555,0.001,adam,3556,61.57671070098877,0.002470177839630904,0.0,0.01414154474552427,0.016611722585155173,,,,
3556,0.001,adam,3557,61.586681604385376,0.002469200359171715,0.0,0.004778969790774761,0.007248170149946475,,,,
3557,0.001,adam,3558,61.597307205200195,0.002467003666384348,0.0,0.008339612552087896,0.010806616218472244,,,,
3558,0.001,adam,3559,61.607263803482056,0.0024504211871046186,0.0,0.007173855921807198,0.009624277108911818,,,,
3559,0.001,adam,3560,61.6203088760376,0.0024470584624440824,0.0,0.007955311502880216,0.010402369965324298,0.00967572408580242,0.0,0.007302088717511612,0.01697781280331403
3560,0.001,adam,3561,61.63972878456116,0.0024436252175992984,0.0,0.005856500528104455,0.008300125745703754,,,,
3561,0.001,adam,3562,61.65567922592163,0.002437263785160836,0.0,0.008533701387603732,0.010970965172764567,,,,
3562,0.001,adam,3563,61.6674599647522,0.0024350575145484763,0.0,0.006986330054388841,0.009421387568937317,,,,
3563,0.001,adam,3564,61.679248571395874,0.0024342997590923988,0.0,0.006419205558572607,0.008853505317665007,,,,
3564,0.001,adam,3565,61.69256353378296,0.0024418938459829357,0.0,0.008379360477436013,0.010821254323418949,,,,
3565,0.001,adam,3566,61.70395874977112,0.0024475941095823414,0.0,0.005248676558261596,0.007696270667843937,,,,
3566,0.001,adam,3567,61.716609477996826,0.0024466297331526728,0.0,0.02337490883526775,0.025821538568420423,,,,
3567,0.001,adam,3568,61.732189655303955,0.0024473772509494016,0.0,0.00727569820910557,0.009723075460054971,,,,
3568,0.001,adam,3569,61.74382710456848,0.0024462624574354496,0.0,0.005907766042970683,0.008354028500406133,,,,
3569,0.001,adam,3570,61.75652265548706,0.0024289166328911103,0.0,0.007353988580487364,0.009782905213378474,,,,
3570,0.001,adam,3571,61.76724624633789,0.0024206709853626506,0.0,0.007102085313272314,0.009522756298634964,,,,
3571,0.001,adam,3572,61.78278160095215,0.0024238650627870255,0.0,0.007464961326765776,0.009888826389552801,,,,
3572,0.001,adam,3573,61.79464244842529,0.002440500265111946,0.0,0.007411440393534241,0.009851940658646186,,,,
3573,0.001,adam,3574,61.811044216156006,0.0024438013905067934,0.0,0.006723805790244328,0.00916760718075112,,,,
3574,0.001,adam,3575,61.82711958885193,0.0024407764851339226,0.0,0.0060880933856242965,0.008528869870758219,,,,
3575,0.001,adam,3576,61.83767366409302,0.002437352028600307,0.0,0.005950294885380673,0.00838764691398098,,,,
3576,0.001,adam,3577,61.84932851791382,0.002445643574311501,0.0,0.006814321512510366,0.009259965086821868,,,,
3577,0.001,adam,3578,61.86069464683533,0.0024468465336370654,0.0,0.009466921211652424,0.01191376774528949,,,,
3578,0.001,adam,3579,61.872623682022095,0.0024402288160986526,0.0,0.006438199284919665,0.008878428101018318,,,,
3579,0.001,adam,3580,61.88178491592407,0.002438908590156771,0.0,0.007503435939264479,0.00994234452942125,0.009588981118472745,0.0,0.007084618164531207,0.01667359928300395
3580,0.001,adam,3581,61.902817726135254,0.002440194065804404,0.0,0.006591286674328021,0.009031480740132426,,,,
3581,0.001,adam,3582,61.916614055633545,0.0024599190570588456,0.0,0.007841774765453814,0.01030169382251266,,,,
3582,0.001,adam,3583,61.92787790298462,0.002450686690835372,0.0,0.006725415886801431,0.009176102577636803,,,,
3583,0.001,adam,3584,61.9389271736145,0.0024376393420905166,0.0,0.008548931082235504,0.01098657042432602,,,,
3584,0.001,adam,3585,61.9511923789978,0.002440345306787051,0.0,0.008090995397930085,0.010531340704717135,,,,
3585,0.001,adam,3586,61.961140632629395,0.002435124009888609,0.0,0.01167998953184177,0.01411511354173038,,,,
3586,0.001,adam,3587,61.97110891342163,0.002421481936062022,0.0,0.009321295242387683,0.011742777178449706,,,,
3587,0.001,adam,3588,61.981579065322876,0.0024274717783772763,0.0,0.008371935413970496,0.010799407192347772,,,,
3588,0.001,adam,3589,61.99659180641174,0.00244145111101251,0.0,0.008790859179751684,0.011232310290764193,,,,
3589,0.001,adam,3590,62.00972032546997,0.002448926873185565,0.0,0.007205726010109675,0.00965465288329524,,,,
3590,0.001,adam,3591,62.0201621055603,0.002442826484565166,0.0,0.007860177631814982,0.010303004116380148,,,,
3591,0.001,adam,3592,62.030903577804565,0.002438946170365801,0.0,0.01110109721978145,0.013540043390147251,,,,
3592,0.001,adam,3593,62.04113030433655,0.0024310776277543075,0.0,0.010875854792726207,0.013306932420480514,,,,
3593,0.001,adam,3594,62.05076551437378,0.0024117047962553435,0.0,0.009719483747564692,0.012131188543820035,,,,
3594,0.001,adam,3595,62.060869216918945,0.002401974343735543,0.0,0.007800762962741124,0.010202737306476667,,,,
3595,0.001,adam,3596,62.070207357406616,0.0024051322543285373,0.0,0.010585609800736522,0.01299074205506506,,,,
3596,0.001,adam,3597,62.08022952079773,0.002427931151724136,0.0,0.011913402699740182,0.014341333851464319,,,,
3597,0.001,adam,3598,62.096874952316284,0.002436973780539297,0.0,0.00932593942901384,0.011762913209553137,,,,
3598,0.001,adam,3599,62.1245276927948,0.0024152320617441482,0.0,0.006289936746768305,0.008705168808512452,,,,
3599,0.001,adam,3600,62.13626837730408,0.0024179201099485117,0.0,0.00866284582551961,0.011080765935468122,0.009770509610794193,0.0,0.007755897319854517,0.017526406930648712
3600,0.001,adam,3601,62.15522050857544,0.002451157338038749,0.0,0.007000043774551176,0.009451201112589925,,,,
3601,0.001,adam,3602,62.16562032699585,0.002444627154668935,0.0,0.007537847617573509,0.009982474772242445,,,,
3602,0.001,adam,3603,62.19896364212036,0.002433725838102843,0.0,0.009195602270396428,0.011629328108499272,,,,
3603,0.001,adam,3604,62.20873689651489,0.0024517473513081616,0.0,0.007538968810460697,0.009990716161768859,,,,
3604,0.001,adam,3605,62.22304034233093,0.002442810344735105,0.0,0.007985558261561455,0.01042836860629656,,,,
3605,0.001,adam,3606,62.24264979362488,0.0024124602757496314,0.0,0.008681994394117692,0.011094454669867323,,,,
3606,0.001,adam,3607,62.25640249252319,0.002420323444075844,0.0,0.007775321387625711,0.010195644831701555,,,,
3607,0.001,adam,3608,62.26564908027649,0.0024394839234941484,0.0,0.009108904446198104,0.011548388369692252,,,,
3608,0.001,adam,3609,62.2835431098938,0.002423545554449238,0.0,0.009431611591954792,0.01185515714640403,,,,
3609,0.001,adam,3610,62.295000076293945,0.002419419475633315,0.0,0.017825929366488136,0.020245348842121452,,,,
3610,0.001,adam,3611,62.304677963256836,0.002409601314126185,0.0,0.009797966887715174,0.012207568201841358,,,,
3611,0.001,adam,3612,62.313793420791626,0.002423602579712628,0.0,0.006251384221833263,0.008674986801545891,,,,
3612,0.001,adam,3613,62.32362723350525,0.0024149178485924337,0.0,0.009057179778391206,0.01147209762698364,,,,
3613,0.001,adam,3614,62.33353614807129,0.0024194551829338612,0.0,0.015633976900216708,0.018053432083150567,,,,
3614,0.001,adam,3615,62.34467434883118,0.002409429004944129,0.0,0.01460875685904503,0.01701818586398916,,,,
3615,0.001,adam,3616,62.36021828651428,0.0024356270539732544,0.0,0.008300795033901152,0.010736422087874406,,,,
3616,0.001,adam,3617,62.374080419540405,0.002390994894808854,0.0,0.008113796728582031,0.010504791623390885,,,,
3617,0.001,adam,3618,62.38490533828735,0.0023939465660617882,0.0,0.01215439053349747,0.014548337099559258,,,,
3618,0.001,adam,3619,62.403138637542725,0.0023936549012995452,0.0,0.008191951280932516,0.010585606182232062,,,,
3619,0.001,adam,3620,62.41357445716858,0.002410841781512991,0.0,0.005631549898107479,0.00804239167962047,0.009534347196953072,0.0,0.010150919178835024,0.019685266375788095
3620,0.001,adam,3621,62.43878746032715,0.0023980798408509397,0.0,0.009385104649672899,0.011783184490523839,,,,
3621,0.001,adam,3622,62.45099687576294,0.0023926711944806858,0.0,0.007307079693771526,0.009699750888252211,,,,
3622,0.001,adam,3623,62.46166229248047,0.0023947248716619375,0.0,0.006747778404602533,0.009142503276264471,,,,
3623,0.001,adam,3624,62.47189140319824,0.002403265243884212,0.0,0.010426058140444255,0.012829323384328467,,,,
3624,0.001,adam,3625,62.48249864578247,0.002416874100303376,0.0,0.014216120753749738,0.016632994854053115,,,,
3625,0.001,adam,3626,62.492602586746216,0.0023879825661093585,0.0,0.009542022895517994,0.011930005461627351,,,,
3626,0.001,adam,3627,62.5095055103302,0.002383137400880173,0.0,0.007134355428833455,0.009517492829713628,,,,
3627,0.001,adam,3628,62.51961660385132,0.0023901324457273197,0.0,0.006347085132603158,0.008737217578330478,,,,
3628,0.001,adam,3629,62.52936124801636,0.0023948785120700123,0.0,0.009127724436713072,0.011522602948783085,,,,
3629,0.001,adam,3630,62.54359674453735,0.002394288276105525,0.0,0.006150262700808205,0.00854455097691373,,,,
3630,0.001,adam,3631,62.554322242736816,0.002391846509005026,0.0,0.013520757968057562,0.015912604477062588,,,,
3631,0.001,adam,3632,62.56382870674133,0.002385321110756383,0.0,0.004887247988953597,0.007272569099709979,,,,
3632,0.001,adam,3633,62.57357883453369,0.002382578756799106,0.0,0.00728507482632342,0.009667653583122526,,,,
3633,0.001,adam,3634,62.585583448410034,0.0023916608357723553,0.0,0.008010103652590198,0.010401764488362553,,,,
3634,0.001,adam,3635,62.596922874450684,0.0023834962138653136,0.0,0.007062663897588341,0.009446160111453654,,,,
3635,0.001,adam,3636,62.606770277023315,0.002375159605109433,0.0,0.0075673699940444344,0.009942529599153867,,,,
3636,0.001,adam,3637,62.61702561378479,0.0023802598675924606,0.0,0.009847292276626708,0.012227552144219169,,,,
3637,0.001,adam,3638,62.632505655288696,0.002393178966130604,0.0,0.009072112065708024,0.011465291031838628,,,,
3638,0.001,adam,3639,62.6423773765564,0.0023934587704774906,0.0,0.008280613828060834,0.010674072598538325,,,,
3639,0.001,adam,3640,62.65122604370117,0.002392091745675801,0.0,0.006224842017157399,0.0086169337628332,0.009456533887758838,0.0,0.007267179703596072,0.01672371359135491
3640,0.001,adam,3641,62.667869329452515,0.0023916080458192403,0.0,0.0073787316463567055,0.009770339692175946,,,,
3641,0.001,adam,3642,62.6787645816803,0.0023980799678054348,0.0,0.007352724824212256,0.009750804792017691,,,,
3642,0.001,adam,3643,62.69179368019104,0.002383068215473921,0.0,0.005427049654712119,0.0078101178701860405,,,,
3643,0.001,adam,3644,62.702096700668335,0.002375355870181732,0.0,0.005896616076389452,0.008271971946571184,,,,
3644,0.001,adam,3645,62.712350606918335,0.002373567444882654,0.0,0.007482508187413259,0.009856075632295912,,,,
3645,0.001,adam,3646,62.731467723846436,0.0023861861082606966,0.0,0.007025791525549785,0.009411977633810482,,,,
3646,0.001,adam,3647,62.7411470413208,0.0023879864783915013,0.0,0.007800568092083221,0.010188554570474722,,,,
3647,0.001,adam,3648,62.7517511844635,0.0023704148356182733,0.0,0.014456130813181256,0.01682654564879953,,,,
3648,0.001,adam,3649,62.76497745513916,0.0023969266700686036,0.0,0.010680130352113565,0.013077057022182169,,,,
3649,0.001,adam,3650,62.775434255599976,0.002423004704098659,0.0,0.008100950708732953,0.010523955412831612,,,,
3650,0.001,adam,3651,62.79101037979126,0.002418462985466617,0.0,0.006679311267764517,0.009097774253231133,,,,
3651,0.001,adam,3652,62.80221509933472,0.002378692646052535,0.0,0.009029994818099785,0.011408687464152321,,,,
3652,0.001,adam,3653,62.81885886192322,0.002370140972840809,0.0,0.007797978274443758,0.010168119247284568,,,,
3653,0.001,adam,3654,62.82992649078369,0.0023980552066129026,0.0,0.009212018120315545,0.011610073326928448,,,,
3654,0.001,adam,3655,62.842920780181885,0.002418378498301546,0.0,0.010435950320598871,0.012854328818900418,,,,
3655,0.001,adam,3656,62.853275775909424,0.002409135876697096,0.0,0.027274155097581694,0.02968329097427879,,,,
3656,0.001,adam,3657,62.86462211608887,0.0023994624373366723,0.0,0.012860449698913767,0.015259912136250438,,,,
3657,0.001,adam,3658,62.88424277305603,0.0024209204694279566,0.0,0.007076196532427412,0.00949711700185537,,,,
3658,0.001,adam,3659,62.89461302757263,0.0024116488028803323,0.0,0.016161218160933806,0.01857286696381414,,,,
3659,0.001,adam,3660,62.90592837333679,0.002394158789598559,0.0,0.019594127901343315,0.021988286690941876,0.009572907580843235,0.0,0.01335089992767499,0.022923807508518225
3660,0.001,adam,3661,62.926727294921875,0.0023789469512862597,0.0,0.014743843916637162,0.01712279086792342,,,,
3661,0.001,adam,3662,62.94317007064819,0.002403541732395104,0.0,0.011448407751073636,0.01385194948346874,,,,
3662,0.001,adam,3663,62.95481634140015,0.0023802606214323885,0.0,0.008408719801732654,0.010788980423165043,,,,
3663,0.001,adam,3664,62.96762204170227,0.002399593125669932,0.0,0.015895786024776905,0.018295379150446836,,,,
3664,0.001,adam,3665,62.977375745773315,0.0023953089988029736,0.0,0.015935126411365137,0.01833043541016811,,,,
3665,0.001,adam,3666,62.990164279937744,0.0024052037887426414,0.0,0.00964796614328301,0.01205316993202565,,,,
3666,0.001,adam,3667,63.00001811981201,0.0023992728989702243,0.0,0.017476913212424852,0.019876186111395078,,,,
3667,0.001,adam,3668,63.010486364364624,0.0024307787563045027,0.0,0.02566234838067708,0.028093127136981585,,,,
3668,0.001,adam,3669,63.02181148529053,0.002417474015457886,0.0,0.01579406109598072,0.01821153511143861,,,,
3669,0.001,adam,3670,63.03499412536621,0.0024055324051692325,0.0,0.013374826987764914,0.015780359392934148,,,,
3670,0.001,adam,3671,63.04628229141235,0.0023744146802469252,0.0,0.021620093523779797,0.023994508204026724,,,,
3671,0.001,adam,3672,63.05547070503235,0.0024533323080208895,0.0,0.04438939337622808,0.04684272568424897,,,,
3672,0.001,adam,3673,63.06527328491211,0.0024429147281796433,0.0,0.029647155867307384,0.032090070595487026,,,,
3673,0.001,adam,3674,63.07824492454529,0.002394123955427026,0.0,0.010595648095261475,0.0129897720506885,,,,
3674,0.001,adam,3675,63.087976932525635,0.002404012295833171,0.0,0.02578788914452519,0.02819190144035836,,,,
3675,0.001,adam,3676,63.10104775428772,0.0024984040676837684,0.0,0.04137683725303,0.04387524132071377,,,,
3676,0.001,adam,3677,63.11104226112366,0.0024283208738771975,0.0,0.016322970331098426,0.018751291204975623,,,,
3677,0.001,adam,3678,63.121525049209595,0.0024116096571729397,0.0,0.01630616350286076,0.018717773160033698,,,,
3678,0.001,adam,3679,63.14088773727417,0.0024699651370754766,0.0,0.028921710118208138,0.031391675255283615,,,,
3679,0.001,adam,3680,63.150888442993164,0.002397814863883762,0.0,0.023135616342240876,0.025533431206124637,0.009541391963170437,0.0,0.007510332188654662,0.0170517241518251
3680,0.001,adam,3681,63.17306685447693,0.0023760144516511285,0.0,0.01746169206109564,0.01983770651274677,,,,
3681,0.001,adam,3682,63.18225145339966,0.0023768747537984006,0.0,0.015270621676800244,0.017647496430598646,,,,
3682,0.001,adam,3683,63.19334530830383,0.002378013351746952,0.0,0.021947670677464507,0.02432568402921146,,,,
3683,0.001,adam,3684,63.20455741882324,0.0023671166983775835,0.0,0.008166954097209115,0.010534070795586698,,,,
3684,0.001,adam,3685,63.21515393257141,0.0023857639759801044,0.0,0.01153431938712313,0.013920083363103235,,,,
3685,0.001,adam,3686,63.22639060020447,0.002369007864729585,0.0,0.017725576070583275,0.02009458393531286,,,,
3686,0.001,adam,3687,63.236013412475586,0.002361863369324804,0.0,0.014767239762833761,0.017129103132158565,,,,
3687,0.001,adam,3688,63.2460412979126,0.0023415030731644814,0.0,0.005992825008124774,0.008334328081289255,,,,
3688,0.001,adam,3689,63.26268243789673,0.0023733050623743913,0.0,0.015709294297737913,0.018082599360112306,,,,
3689,0.001,adam,3690,63.27336096763611,0.002343002393408363,0.0,0.01181320594419905,0.014156208337607414,,,,
3690,0.001,adam,3691,63.286060094833374,0.002342157968567945,0.0,0.006282429437529618,0.008624587406097563,,,,
3691,0.001,adam,3692,63.297250270843506,0.002353314257853093,0.0,0.012481470688104084,0.014834784945957177,,,,
3692,0.001,adam,3693,63.30966901779175,0.0023439963990935474,0.0,0.015771544246187003,0.01811554064528055,,,,
3693,0.001,adam,3694,63.324461936950684,0.0023465176987271714,0.0,0.00916052099584513,0.011507038694572301,,,,
3694,0.001,adam,3695,63.341126680374146,0.002371976624311354,0.0,0.008755564754514876,0.01112754137882623,,,,
3695,0.001,adam,3696,63.351985692977905,0.0023719437666521533,0.0,0.011185492018541607,0.01355743578519376,,,,
3696,0.001,adam,3697,63.36440110206604,0.0023629962559529867,0.0,0.007027289949464098,0.009390286205417086,,,,
3697,0.001,adam,3698,63.37562799453735,0.00235496857586347,0.0,0.007225905202625558,0.009580873778489029,,,,
3698,0.001,adam,3699,63.386088609695435,0.002342751328431569,0.0,0.009943217256197115,0.012285968584628684,,,,
3699,0.001,adam,3700,63.39737606048584,0.002346662148875015,0.0,0.00699878581376185,0.009345447962636866,0.0094563938337243,0.0,0.006992294528839967,0.016448688362564266
3700,0.001,adam,3701,63.41922068595886,0.0023463319998505675,0.0,0.008034889381066607,0.010381221380917174,,,,
3701,0.001,adam,3702,63.42968797683716,0.0023432151151969,0.0,0.007870354558543558,0.010213569673740458,,,,
3702,0.001,adam,3703,63.44008159637451,0.002347488352703472,0.0,0.006509644191352519,0.008857132544055991,,,,
3703,0.001,adam,3704,63.451382875442505,0.0023461605796290417,0.0,0.006100812428947148,0.00844697300857619,,,,
3704,0.001,adam,3705,63.46169662475586,0.002343038191718135,0.0,0.0075366785186565585,0.009879716710374693,,,,
3705,0.001,adam,3706,63.47296738624573,0.0023390379203458893,0.0,0.008479640212511103,0.010818678132856991,,,,
3706,0.001,adam,3707,63.48327565193176,0.002337910093632151,0.0,0.007898861333944615,0.010236771427576766,,,,
3707,0.001,adam,3708,63.49483847618103,0.0023357054938332907,0.0,0.006215614170716216,0.008551319664549507,,,,
3708,0.001,adam,3709,63.50427269935608,0.002334389833288447,0.0,0.00797722469328559,0.010311614526574038,,,,
3709,0.001,adam,3710,63.51717948913574,0.002341488740891259,0.0,0.00931857532764577,0.01166006406853703,,,,
3710,0.001,adam,3711,63.529369831085205,0.0023381870112478362,0.0,0.01522731669855511,0.01756550370980295,,,,
3711,0.001,adam,3712,63.539594411849976,0.002349701485098183,0.0,0.008080057815792645,0.010429759300890828,,,,
3712,0.001,adam,3713,63.54920959472656,0.0023551064516572984,0.0,0.010471004404585711,0.012826110856243009,,,,
3713,0.001,adam,3714,63.56194496154785,0.002350770531011305,0.0,0.008570351652277711,0.010921122183289016,,,,
3714,0.001,adam,3715,63.57303476333618,0.00234754911580115,0.0,0.011342940941410804,0.013690490057211954,,,,
3715,0.001,adam,3716,63.58294105529785,0.0023684110735099867,0.0,0.014077995628606696,0.01644640670211668,,,,
3716,0.001,adam,3717,63.59300923347473,0.002367834551243396,0.0,0.01175690577536311,0.014124740326606506,,,,
3717,0.001,adam,3718,63.6048481464386,0.002351686200448356,0.0,0.009318126539640351,0.011669812740088707,,,,
3718,0.001,adam,3719,63.61642932891846,0.002354813880189682,0.0,0.007388524840669994,0.009743338720859676,,,,
3719,0.001,adam,3720,63.62760400772095,0.0023886065157418565,0.0,0.01023409466316864,0.012622701178910498,0.009533488271507247,0.0,0.007588254185882687,0.017121742457389934
3720,0.001,adam,3721,63.6477587223053,0.00236510970106826,0.0,0.009189813639275714,0.011554923340343973,,,,
3721,0.001,adam,3722,63.66421365737915,0.00235779141935891,0.0,0.005889555607289416,0.008247347026648326,,,,
3722,0.001,adam,3723,63.67601537704468,0.0023687301559165465,0.0,0.005560851356485936,0.007929581512402483,,,,
3723,0.001,adam,3724,63.686710357666016,0.00236504529168107,0.0,0.007656252122603466,0.010021297414284536,,,,
3724,0.001,adam,3725,63.7054808139801,0.0023523552107126253,0.0,0.007633626886662572,0.009985982097375197,,,,
3725,0.001,adam,3726,63.717060565948486,0.002340614451328879,0.0,0.00759897661971369,0.009939591071042569,,,,
3726,0.001,adam,3727,63.72776532173157,0.002340681586861498,0.0,0.008052094736461637,0.010392776323323135,,,,
3727,0.001,adam,3728,63.74190378189087,0.00234921631616161,0.0,0.00910247370872092,0.01145169002488253,,,,
3728,0.001,adam,3729,63.767226696014404,0.0023574700040756725,0.0,0.008551047006289031,0.010908517010364703,,,,
3729,0.001,adam,3730,63.77808141708374,0.0023485207015837267,0.0,0.00985298194267219,0.012201502644255917,,,,
3730,0.001,adam,3731,63.78859066963196,0.0023425828811694557,0.0,0.01436046235763581,0.016703045238805267,,,,
3731,0.001,adam,3732,63.80026316642761,0.0023466156027570143,0.0,0.012764507641850834,0.015111123244607848,,,,
3732,0.001,adam,3733,63.81436800956726,0.0023278645697061024,0.0,0.018180673166145057,0.020508537735851158,,,,
3733,0.001,adam,3734,63.82517600059509,0.0023124559170513283,0.0,0.007947345042561069,0.010259800959612398,,,,
3734,0.001,adam,3735,63.836586713790894,0.0023241074838266443,0.0,0.010325337461014253,0.012649444944840898,,,,
3735,0.001,adam,3736,63.84936761856079,0.0023374063708689885,0.0,0.009525367236918821,0.01186277360778781,,,,
3736,0.001,adam,3737,63.86024451255798,0.002325078162987811,0.0,0.006303568746030945,0.008628646909018756,,,,
3737,0.001,adam,3738,63.87124037742615,0.0023339380621900567,0.0,0.008758201988768583,0.01109214005095864,,,,
3738,0.001,adam,3739,63.89106488227844,0.0023437860546844085,0.0,0.009251492750665603,0.011595278805350011,,,,
3739,0.001,adam,3740,63.903136014938354,0.0023614295732569354,0.0,0.0068913965645990265,0.009252826137855961,0.009547520157897678,0.0,0.008352496149572943,0.017900016307470623
3740,0.001,adam,3741,63.92231798171997,0.0023252050809224717,0.0,0.007661276516006574,0.009986481596929046,,,,
3741,0.001,adam,3742,63.9420371055603,0.0023181766516039756,0.0,0.009440967882093355,0.01175914453369733,,,,
3742,0.001,adam,3743,63.95244288444519,0.002317015934693749,0.0,0.006882498547578738,0.009199514482272488,,,,
3743,0.001,adam,3744,63.96273112297058,0.0023246562718102033,0.0,0.007210549409379231,0.009535205681189434,,,,
3744,0.001,adam,3745,63.97930407524109,0.002331816113066169,0.0,0.006218441855303671,0.00855025796836984,,,,
3745,0.001,adam,3746,64.00298523902893,0.0023477665115697113,0.0,0.006198966996431924,0.008546733508001635,,,,
3746,0.001,adam,3747,64.01982140541077,0.002335391408517825,0.0,0.005873593085712248,0.008208984494230073,,,,
3747,0.001,adam,3748,64.0308108329773,0.002325374198377073,0.0,0.010633693702371378,0.012959067900748451,,,,
3748,0.001,adam,3749,64.04134488105774,0.002321189885223121,0.0,0.012589612402675896,0.014910802287899018,,,,
3749,0.001,adam,3750,64.05171775817871,0.002316723529465123,0.0,0.008764900814539752,0.011081624344004875,,,,
3750,0.001,adam,3751,64.06450819969177,0.0023117855689745604,0.0,0.007086368162885767,0.009398153731860329,,,,
3751,0.001,adam,3752,64.07610583305359,0.002309086574627107,0.0,0.008978872110763269,0.011287958685390375,,,,
3752,0.001,adam,3753,64.08670926094055,0.002318747091749972,0.0,0.010187672807462264,0.012506419899212235,,,,
3753,0.001,adam,3754,64.10492300987244,0.0023396924082684147,0.0,0.007284679515929257,0.009624371924197673,,,,
3754,0.001,adam,3755,64.11588740348816,0.0023417947660401184,0.0,0.009566975835197417,0.011908770601237535,,,,
3755,0.001,adam,3756,64.12739682197571,0.002330672098368079,0.0,0.01886922102443266,0.02119989312280074,,,,
3756,0.001,adam,3757,64.14444088935852,0.0023356931925851195,0.0,0.015560831345020449,0.017896524537605568,,,,
3757,0.001,adam,3758,64.15570497512817,0.0023230498742541033,0.0,0.009543595439745225,0.011866645313999329,,,,
3758,0.001,adam,3759,64.16683745384216,0.002331407467136976,0.0,0.007447467104373666,0.009778874571510643,,,,
3759,0.001,adam,3760,64.17715334892273,0.0023589636922002393,0.0,0.013560685596061994,0.015919649288262235,0.00933611136090005,0.0,0.008888166017883151,0.018224277378783203
3760,0.001,adam,3761,64.20486497879028,0.0023682555274173525,0.0,0.008701591299335098,0.01106984682675245,,,,
3761,0.001,adam,3762,64.21646475791931,0.0023365837065828935,0.0,0.009003264694454002,0.011339848401036894,,,,
3762,0.001,adam,3763,64.23393154144287,0.0023130416042403163,0.0,0.012217694139342835,0.014530735743583151,,,,
3763,0.001,adam,3764,64.25498270988464,0.0023182425990491426,0.0,0.01001337924727552,0.012331621846324664,,,,
3764,0.001,adam,3765,64.27589797973633,0.0023148352729031353,0.0,0.0058685841217249474,0.008183419394628083,,,,
3765,0.001,adam,3766,64.2870762348175,0.002313980691830366,0.0,0.00903033932865121,0.011344320020481576,,,,
3766,0.001,adam,3767,64.29859066009521,0.002321386853389784,0.0,0.011478550684681784,0.013799937538071568,,,,
3767,0.001,adam,3768,64.310955286026,0.0023163058318410447,0.0,0.006913801447121759,0.009230107278962804,,,,
3768,0.001,adam,3769,64.32146739959717,0.0023295239994177226,0.0,0.007423559842064123,0.009753083841481845,,,,
3769,0.001,adam,3770,64.33217167854309,0.0023377989242278296,0.0,0.011818170264858381,0.014155969189086211,,,,
3770,0.001,adam,3771,64.34691023826599,0.0023285904364124892,0.0,0.016582729974783342,0.01891132041119583,,,,
3771,0.001,adam,3772,64.35851955413818,0.0023188065225158167,0.0,0.025404760183501036,0.027723566706016854,,,,
3772,0.001,adam,3773,64.37185621261597,0.002314656556085418,0.0,0.006321423166885007,0.008636079722970424,,,,
3773,0.001,adam,3774,64.38449501991272,0.002343932603314585,0.0,0.017648775543690112,0.019992708147004698,,,,
3774,0.001,adam,3775,64.39461636543274,0.002332274814480768,0.0,0.008209990711066397,0.010542265525547165,,,,
3775,0.001,adam,3776,64.4068853855133,0.0023104943335402776,0.0,0.008096558085328262,0.01040705241886854,,,,
3776,0.001,adam,3777,64.41823840141296,0.0023113843866891504,0.0,0.014102156558195616,0.016413540944884765,,,,
3777,0.001,adam,3778,64.43187165260315,0.002308654581505921,0.0,0.014547044470569339,0.01685569905207526,,,,
3778,0.001,adam,3779,64.44255900382996,0.0023059699711966363,0.0,0.004917173646974801,0.007223143618171437,,,,
3779,0.001,adam,3780,64.45240378379822,0.002332997479638875,0.0,0.01222478376092426,0.014557781240563136,0.009677520142243401,0.0,0.01473336002178795,0.024410880164031354
3780,0.001,adam,3781,64.47184014320374,0.0023265563199492746,0.0,0.01414098490454945,0.016467541224498724,,,,
3781,0.001,adam,3782,64.48396611213684,0.002325980358537404,0.0,0.00759510296574663,0.009921083324284034,,,,
3782,0.001,adam,3783,64.49562287330627,0.002323575907399145,0.0,0.012216352128479225,0.01453992803587837,,,,
3783,0.001,adam,3784,64.50701117515564,0.0023093547450734847,0.0,0.01055280955298101,0.012862164298054495,,,,
3784,0.001,adam,3785,64.53307485580444,0.002313237626663161,0.0,0.01245105091272965,0.014764288539392812,,,,
3785,0.001,adam,3786,64.54803252220154,0.0023131359735999845,0.0,0.008940369741526955,0.011253505715126939,,,,
3786,0.001,adam,3787,64.55835366249084,0.0023157332012076898,0.0,0.014781540172019273,0.017097273373226963,,,,
3787,0.001,adam,3788,64.57391881942749,0.0022998699422107586,0.0,0.014354879882020988,0.01665474982423175,,,,
3788,0.001,adam,3789,64.58510637283325,0.0022914442055336206,0.0,0.0072582151268115154,0.009549659332345136,,,,
3789,0.001,adam,3790,64.59673285484314,0.0023029532308867693,0.0,0.008293035406890805,0.010595988637777574,,,,
3790,0.001,adam,3791,64.60787868499756,0.002315098989296608,0.0,0.011477232370098076,0.013792331359394684,,,,
3791,0.001,adam,3792,64.62135767936707,0.0023052946026345922,0.0,0.00790359018446442,0.010208884787099012,,,,
3792,0.001,adam,3793,64.64813375473022,0.0022961387601622405,0.0,0.009054445111799599,0.011350583871961839,,,,
3793,0.001,adam,3794,64.66003942489624,0.0022910902809892665,0.0,0.008766348907647614,0.01105743918863688,,,,
3794,0.001,adam,3795,64.69414806365967,0.002318916315009496,0.0,0.010527477010042429,0.012846393325051926,,,,
3795,0.001,adam,3796,64.71803259849548,0.002295352691611301,0.0,0.00669145490072798,0.008986807592339281,,,,
3796,0.001,adam,3797,64.73363828659058,0.002289383883863267,0.0,0.0064070939586415385,0.008696477842504807,,,,
3797,0.001,adam,3798,64.74544286727905,0.0022976552919477546,0.0,0.007969117146309913,0.010266772438257668,,,,
3798,0.001,adam,3799,64.75661849975586,0.0023254840650895874,0.0,0.010396327628966896,0.012721811694056484,,,,
3799,0.001,adam,3800,64.77117800712585,0.0023302443461404535,0.0,0.006069649337053345,0.008399893683193799,0.009427217799040337,0.0,0.008667315880112282,0.01809453367915262
3800,0.001,adam,3801,64.79083895683289,0.0023052110634843395,0.0,0.008326956671345205,0.010632167734829544,,,,
3801,0.001,adam,3802,64.803297996521,0.0022815698860434003,0.0,0.010422885573862582,0.012704455459905983,,,,
3802,0.001,adam,3803,64.8366289138794,0.002289559809812374,0.0,0.004773864769847423,0.007063424579659796,,,,
3803,0.001,adam,3804,64.84792852401733,0.0023091620949781603,0.0,0.005000103971276787,0.007309266066254948,,,,
3804,0.001,adam,3805,64.85825729370117,0.0023051706507573183,0.0,0.006680286177046699,0.008985456827804017,,,,
3805,0.001,adam,3806,64.86814069747925,0.002291066371030266,0.0,0.006297854961678092,0.008588921332708357,,,,
3806,0.001,adam,3807,64.8801760673523,0.0022902398161386956,0.0,0.006039466656758097,0.008329706472896792,,,,
3807,0.001,adam,3808,64.89007067680359,0.002289873759831823,0.0,0.005402735875330247,0.00769260963516207,,,,
3808,0.001,adam,3809,64.90326023101807,0.002281957502556756,0.0,0.006312669620236348,0.008594627122793104,,,,
3809,0.001,adam,3810,64.91272258758545,0.0022769749413250537,0.0,0.006543370505210996,0.00882034544653605,,,,
3810,0.001,adam,3811,64.9232726097107,0.0022718302124885193,0.0,0.005371282603679001,0.0076431128161675195,,,,
3811,0.001,adam,3812,64.93208599090576,0.0022746016922790963,0.0,0.007167122899505843,0.009441724591784939,,,,
3812,0.001,adam,3813,64.9476728439331,0.0022772131190165585,0.0,0.006155813563635883,0.008433026682652441,,,,
3813,0.001,adam,3814,64.95870685577393,0.0022889942275336607,0.0,0.0086107478768603,0.010899742104393961,,,,
3814,0.001,adam,3815,64.97022366523743,0.0022837510318778655,0.0,0.007724122256078507,0.010007873287956373,,,,
3815,0.001,adam,3816,64.9812080860138,0.002280224318624491,0.0,0.010579430438871912,0.012859654757496402,,,,
3816,0.001,adam,3817,64.99257779121399,0.002285758420560665,0.0,0.006247593153306987,0.008533351573867653,,,,
3817,0.001,adam,3818,65.01097130775452,0.0023132998323798213,0.0,0.007222759954738858,0.009536059787118679,,,,
3818,0.001,adam,3819,65.02308654785156,0.0022880097099825204,0.0,0.007984350462957038,0.01027236017293956,,,,
3819,0.001,adam,3820,65.0337586402893,0.0022723136859040425,0.0,0.008197553165411228,0.01046986685131527,0.009482086068793617,0.0,0.005880406145349958,0.015362492214143576
3820,0.001,adam,3821,65.05304670333862,0.002284414212474025,0.0,0.007531274686863577,0.009815688899337602,,,,
3821,0.001,adam,3822,65.0628616809845,0.002314558094825914,0.0,0.0077058268599653635,0.010020384954791278,,,,
3822,0.001,adam,3823,65.07642817497253,0.0022903124758483938,0.0,0.008529551995336643,0.010819864471185037,,,,
3823,0.001,adam,3824,65.08981084823608,0.002282238477728538,0.0,0.009187682249952034,0.011469920727680572,,,,
3824,0.001,adam,3825,65.101646900177,0.0023072741662914656,0.0,0.0066095298141640255,0.008916803980455492,,,,
3825,0.001,adam,3826,65.12065196037292,0.002327893463393508,0.0,0.009793768096913864,0.012121661560307372,,,,
3826,0.001,adam,3827,65.13354229927063,0.0022889795909123594,0.0,0.006313264829621001,0.00860224442053336,,,,
3827,0.001,adam,3828,65.144357919693,0.0022820445491316186,0.0,0.006225288814788938,0.008507333363920557,,,,
3828,0.001,adam,3829,65.15669512748718,0.0023034902653121902,0.0,0.01271067278926435,0.01501416305457654,,,,
3829,0.001,adam,3830,65.17531991004944,0.002340867067165016,0.0,0.013010099465962622,0.015350966533127638,,,,
3830,0.001,adam,3831,65.18562459945679,0.002325972913724007,0.0,0.010349137849561435,0.012675110763285442,,,,
3831,0.001,adam,3832,65.19615316390991,0.002305891637479381,0.0,0.011456450812353731,0.013762342449833112,,,,
3832,0.001,adam,3833,65.20565533638,0.0023027026653710436,0.0,0.008936900489258822,0.011239603154629865,,,,
3833,0.001,adam,3834,65.21821594238281,0.0023291063928514333,0.0,0.011635242516072708,0.01396434890892414,,,,
3834,0.001,adam,3835,65.22930383682251,0.002311573245060202,0.0,0.00881629254282745,0.011127865787887652,,,,
3835,0.001,adam,3836,65.23918581008911,0.0022931924426410235,0.0,0.011090161824876679,0.013383354267517703,,,,
3836,0.001,adam,3837,65.25432109832764,0.002285826773213676,0.0,0.00767057301645675,0.009956399789670426,,,,
3837,0.001,adam,3838,65.26594042778015,0.002290456616282558,0.0,0.005931807543123525,0.008222264159406084,,,,
3838,0.001,adam,3839,65.27937769889832,0.0022789080103608715,0.0,0.009623555702656874,0.011902463713017746,,,,
3839,0.001,adam,3840,65.28898334503174,0.0022823867257585643,0.0,0.012915803916393093,0.015198190642151659,0.00929926569528444,0.0,0.007978041064585247,0.017277306759869687
3840,0.001,adam,3841,65.31413507461548,0.0022706754583269807,0.0,0.009678851730080974,0.011949527188407954,,,,
3841,0.001,adam,3842,65.32514190673828,0.002295340613654214,0.0,0.0072442353407596565,0.00953957595441387,,,,
3842,0.001,adam,3843,65.34501719474792,0.002280682954277286,0.0,0.0074940239153522496,0.009774706869629536,,,,
3843,0.001,adam,3844,65.35572290420532,0.002275430579203639,0.0,0.0069829331990704764,0.009258363778274116,,,,
3844,0.001,adam,3845,65.37421870231628,0.002279380812781233,0.0,0.007991210423194405,0.010270591235975637,,,,
3845,0.001,adam,3846,65.38762784004211,0.002307356765929908,0.0,0.009660922233334927,0.011968278999264835,,,,
3846,0.001,adam,3847,65.39891338348389,0.002305899496747932,0.0,0.008380024161625227,0.010685923658373158,,,,
3847,0.001,adam,3848,65.41527771949768,0.0022814610221105988,0.0,0.0059623786862644705,0.00824383970837507,,,,
3848,0.001,adam,3849,65.4268388748169,0.002264758697121767,0.0,0.007020594527301846,0.009285353224423613,,,,
3849,0.001,adam,3850,65.44010210037231,0.0022982938584504595,0.0,0.006431697146237944,0.008729991004688404,,,,
3850,0.001,adam,3851,65.45823502540588,0.0023258798038822805,0.0,0.00705306505527214,0.009378944859154421,,,,
3851,0.001,adam,3852,65.4693534374237,0.002278840964473015,0.0,0.01002562411743758,0.012304465081910597,,,,
3852,0.001,adam,3853,65.48051810264587,0.0022725647701095906,0.0,0.010163367444204947,0.012435932214314537,,,,
3853,0.001,adam,3854,65.4905526638031,0.0022989727019054767,0.0,0.014285833308666113,0.01658480601057159,,,,
3854,0.001,adam,3855,65.50126695632935,0.0023098798638209236,0.0,0.005165759629724409,0.007475639493545332,,,,
3855,0.001,adam,3856,65.52082705497742,0.0023256366964053846,0.0,0.009475263286984874,0.011800899983390258,,,,
3856,0.001,adam,3857,65.53349018096924,0.002282811002929046,0.0,0.009367388821825438,0.011650199824754483,,,,
3857,0.001,adam,3858,65.54351711273193,0.002271514516555006,0.0,0.010326538739028415,0.01259805325558342,,,,
3858,0.001,adam,3859,65.55308938026428,0.002267621779887525,0.0,0.0053962808719051,0.007663902651792625,,,,
3859,0.001,adam,3860,65.56360650062561,0.0022789870991142343,0.0,0.00812765346433288,0.010406640563447114,0.00953131690667451,0.0,0.009693710109833177,0.019225027016507686
3860,0.001,adam,3861,65.59162402153015,0.0022859638779694157,0.0,0.009791982233412181,0.012077946111381598,,,,
3861,0.001,adam,3862,65.60213565826416,0.0022779724196769074,0.0,0.008186095604975883,0.01046406802465279,,,,
3862,0.001,adam,3863,65.61396408081055,0.00227766729851328,0.0,0.007365996406412388,0.009643663704925668,,,,
3863,0.001,adam,3864,65.62615752220154,0.00230150937319993,0.0,0.008467757668750464,0.010769267041950394,,,,
3864,0.001,adam,3865,65.64355373382568,0.0023089062526974943,0.0,0.009238635245332288,0.011547541498029782,,,,
3865,0.001,adam,3866,65.65310978889465,0.002293958853404015,0.0,0.008070537648310769,0.010364496501714783,,,,
3866,0.001,adam,3867,65.66722750663757,0.002281002693394173,0.0,0.008025122521803915,0.010306125215198088,,,,
3867,0.001,adam,3868,65.67837405204773,0.002268652655806133,0.0,0.006425585215376878,0.008694237871183012,,,,
3868,0.001,adam,3869,65.68784856796265,0.0022648290810980917,0.0,0.00551726243831372,0.007782091519411812,,,,
3869,0.001,adam,3870,65.70715045928955,0.0022663817531706253,0.0,0.007370200143169009,0.009636581896339634,,,,
3870,0.001,adam,3871,65.71685600280762,0.002268439770292076,0.0,0.004404341151653125,0.0066727809219452,,,,
3871,0.001,adam,3872,65.72859191894531,0.002270136809095395,0.0,0.007098170733205389,0.009368307542300783,,,,
3872,0.001,adam,3873,65.74318170547485,0.002266277527582071,0.0,0.005076162408623324,0.007342439936205395,,,,
3873,0.001,adam,3874,65.75402474403381,0.00226238046152721,0.0,0.005016037819402912,0.007278418280930122,,,,
3874,0.001,adam,3875,65.76894044876099,0.0022650559541719678,0.0,0.004905320578555257,0.007170376532727224,,,,
3875,0.001,adam,3876,65.78444027900696,0.002269923627853916,0.0,0.007333828060200653,0.009603751688054569,,,,
3876,0.001,adam,3877,65.80235528945923,0.002266382074183024,0.0,0.010400711601432588,0.012667093675615611,,,,
3877,0.001,adam,3878,65.81163740158081,0.002273132238419775,0.0,0.005380096904229643,0.007653229142649418,,,,
3878,0.001,adam,3879,65.82835960388184,0.002284663088458166,0.0,0.0056176426939108706,0.007902305782369036,,,,
3879,0.001,adam,3880,65.84292531013489,0.0022590089117671994,0.0,0.004323548917952923,0.006582557829720122,0.009384229583103332,0.0,0.005944705877709071,0.015328935460812404
3880,0.001,adam,3881,65.86414170265198,0.002238283059321369,0.0,0.005576092904349938,0.007814375963671308,,,,
3881,0.001,adam,3882,65.87405109405518,0.0022383395623623474,0.0,0.011079665427185314,0.01331800498954766,,,,
3882,0.001,adam,3883,65.88807392120361,0.0022415801247980234,0.0,0.005939646011095907,0.008181226135893931,,,,
3883,0.001,adam,3884,65.89972233772278,0.0022507469163596107,0.0,0.006204365387047991,0.008455112303407602,,,,
3884,0.001,adam,3885,65.91173434257507,0.002262667317876829,0.0,0.005285321159676193,0.007547988477553022,,,,
3885,0.001,adam,3886,65.92169094085693,0.002258031496257031,0.0,0.01264141928716039,0.014899450783417421,,,,
3886,0.001,adam,3887,65.93270015716553,0.0022543358238796586,0.0,0.004649051278345533,0.006903387102225191,,,,
3887,0.001,adam,3888,65.94850659370422,0.002264147542776322,0.0,0.005919882013430496,0.008184029556206817,,,,
3888,0.001,adam,3889,65.96021723747253,0.0022601990274069045,0.0,0.004642585780362731,0.006902784807769636,,,,
3889,0.001,adam,3890,65.97230005264282,0.0022518441899665193,0.0,0.006223201394739537,0.008475045584706057,,,,
3890,0.001,adam,3891,65.98885893821716,0.0022447366297496272,0.0,0.006408099081016036,0.008652835710765663,,,,
3891,0.001,adam,3892,66.00152707099915,0.0022572854476997683,0.0,0.005044953660070664,0.007302239107770433,,,,
3892,0.001,adam,3893,66.0129885673523,0.0022659487653685995,0.0,0.006505483998577854,0.008771432763946454,,,,
3893,0.001,adam,3894,66.02656173706055,0.0022508336393694288,0.0,0.006902276104916863,0.009153109744286292,,,,
3894,0.001,adam,3895,66.04242205619812,0.002240747275837872,0.0,0.005401502428186268,0.0076422497040241405,,,,
3895,0.001,adam,3896,66.05935168266296,0.0022531363110458993,0.0,0.006891796700961114,0.009144933012007014,,,,
3896,0.001,adam,3897,66.07055521011353,0.00224070432389692,0.0,0.012014824152955631,0.01425552847685255,,,,
3897,0.001,adam,3898,66.08149552345276,0.002260226293387791,0.0,0.008259710625031603,0.010519936918419393,,,,
3898,0.001,adam,3899,66.09329462051392,0.002276334298100181,0.0,0.007903984748296847,0.010180319046397029,,,,
3899,0.001,adam,3900,66.10503578186035,0.0022640513308058324,0.0,0.007503249319538506,0.009767300650344339,0.009223377340964945,0.0,0.007997165674266785,0.01722054301523173
3900,0.001,adam,3901,66.13715028762817,0.0022485275695513264,0.0,0.0074545234976489076,0.009703051067200234,,,,
3901,0.001,adam,3902,66.14905071258545,0.0022599752733579426,0.0,0.008082103250875541,0.010342078524233484,,,,
3902,0.001,adam,3903,66.15859055519104,0.0022588590460105255,0.0,0.007042674498464084,0.009301533544474608,,,,
3903,0.001,adam,3904,66.16915035247803,0.0022297225775595245,0.0,0.007873077804980866,0.01010280038254039,,,,
3904,0.001,adam,3905,66.1866238117218,0.002228482562704369,0.0,0.008658873968938195,0.010887356531642564,,,,
3905,0.001,adam,3906,66.20458483695984,0.0022350759589185856,0.0,0.006691981143722181,0.008927057102640766,,,,
3906,0.001,adam,3907,66.21515536308289,0.0022405027936116227,0.0,0.008249742567080873,0.010490245360692495,,,,
3907,0.001,adam,3908,66.23176074028015,0.0022434489197430967,0.0,0.007134655400387607,0.009378104320130703,,,,
3908,0.001,adam,3909,66.24224042892456,0.0022711747314093263,0.0,0.007279689820910404,0.00955086455231973,,,,
3909,0.001,adam,3910,66.25427079200745,0.0023126774666121573,0.0,0.007499563171403311,0.009812240638015468,,,,
3910,0.001,adam,3911,66.2675096988678,0.0022478235414670577,0.0,0.008928770947121698,0.011176594488588756,,,,
3911,0.001,adam,3912,66.27817916870117,0.0022336297657675913,0.0,0.004674144713339748,0.006907774479107339,,,,
3912,0.001,adam,3913,66.28823280334473,0.0022641131892985906,0.0,0.005141171524916782,0.007405284714215372,,,,
3913,0.001,adam,3914,66.29784607887268,0.002286404929572594,0.0,0.008007011732929132,0.010293416662501727,,,,
3914,0.001,adam,3915,66.3103141784668,0.0022500113658335042,0.0,0.006219586554483571,0.008469597920317075,,,,
3915,0.001,adam,3916,66.32027792930603,0.0022311760446564097,0.0,0.0062136919621923635,0.008444868006848773,,,,
3916,0.001,adam,3917,66.33892893791199,0.00225283617180678,0.0,0.005377716197606578,0.007630552369413358,,,,
3917,0.001,adam,3918,66.35789036750793,0.002267430225361674,0.0,0.006785971558574608,0.009053401783936281,,,,
3918,0.001,adam,3919,66.37203335762024,0.002236120711716258,0.0,0.00680683019223077,0.009042950903947028,,,,
3919,0.001,adam,3920,66.38300156593323,0.002223796281672026,0.0,0.004516313744850647,0.0067401100265226735,0.00927854379865101,0.0,0.006532455969731333,0.015810999768382343
3920,0.001,adam,3921,66.41027188301086,0.002246400800727661,0.0,0.007275802987729912,0.009522203788457573,,,,
3921,0.001,adam,3922,66.42065691947937,0.0022381161969829283,0.0,0.007626278343678744,0.009864394540661672,,,,
3922,0.001,adam,3923,66.43696069717407,0.0022208235638824093,0.0,0.005486859316923429,0.007707682880805838,,,,
3923,0.001,adam,3924,66.44727683067322,0.0022316830728597047,0.0,0.009133698297099353,0.011365381369959057,,,,
3924,0.001,adam,3925,66.45749354362488,0.002235528177043351,0.0,0.005918785416082203,0.008154313593125554,,,,
3925,0.001,adam,3926,66.48797702789307,0.002212650942070587,0.0,0.003931041083746996,0.006143692025817583,,,,
3926,0.001,adam,3927,66.49875783920288,0.002204107577065339,0.0,0.006714888304239661,0.008918995881305,,,,
3927,0.001,adam,3928,66.50807452201843,0.002211039357389704,0.0,0.006140463556277643,0.008351502913667347,,,,
3928,0.001,adam,3929,66.51944708824158,0.0022140501877864105,0.0,0.005926513795897003,0.008140563983683414,,,,
3929,0.001,adam,3930,66.53553414344788,0.0022095407259594773,0.0,0.007575623610949862,0.00978516433690934,,,,
3930,0.001,adam,3931,66.54781174659729,0.0022275421363855815,0.0,0.007931485458227559,0.010159027594613141,,,,
3931,0.001,adam,3932,66.55830979347229,0.002261128752689285,0.0,0.006432033718984906,0.00869316247167419,,,,
3932,0.001,adam,3933,66.57053637504578,0.0022307746501758633,0.0,0.00937476796095714,0.011605542611133002,,,,
3933,0.001,adam,3934,66.58026790618896,0.0022152878252190943,0.0,0.006368437166137185,0.00858372499135628,,,,
3934,0.001,adam,3935,66.59438562393188,0.0022394571297381905,0.0,0.012060601884019171,0.014300059013757362,,,,
3935,0.001,adam,3936,66.60755825042725,0.002245619534737626,0.0,0.011378399981265436,0.013624019516003063,,,,
3936,0.001,adam,3937,66.6171383857727,0.002215061002292121,0.0,0.011084595560465309,0.01329965656275743,,,,
3937,0.001,adam,3938,66.62670874595642,0.00222223159388992,0.0,0.008864765804374983,0.011086997398264903,,,,
3938,0.001,adam,3939,66.63815259933472,0.002225496765687899,0.0,0.006697653750478523,0.008923150516166422,,,,
3939,0.001,adam,3940,66.64846420288086,0.0022231803142125726,0.0,0.007680211206505074,0.009903391520717647,0.009197377254676039,0.0,0.008350143870085102,0.017547521124761142
3940,0.001,adam,3941,66.67937016487122,0.0022231568259669255,0.0,0.009346156137386086,0.011569312963353012,,,,
3941,0.001,adam,3942,66.69708585739136,0.0022111560479309237,0.0,0.013355135512483102,0.015566291560414025,,,,
3942,0.001,adam,3943,66.70887660980225,0.0022103550825282882,0.0,0.009906078216689904,0.012116433299218193,,,,
3943,0.001,adam,3944,66.72280883789062,0.0022386835949603583,0.0,0.009843966661431012,0.01208265025639137,,,,
3944,0.001,adam,3945,66.74447202682495,0.00220497549598987,0.0,0.006805511653131471,0.009010487149121341,,,,
3945,0.001,adam,3946,66.7547538280487,0.0021979408423381443,0.0,0.007970221604753146,0.01016816244709129,,,,
3946,0.001,adam,3947,66.76682996749878,0.002219689763473821,0.0,0.010398285056606501,0.012617974820080322,,,,
3947,0.001,adam,3948,66.77870607376099,0.0022289923327355634,0.0,0.009077321802319498,0.011306314135055062,,,,
3948,0.001,adam,3949,66.7899956703186,0.002196139131393624,0.0,0.008203630428257887,0.010399769559651512,,,,
3949,0.001,adam,3950,66.80694437026978,0.0021970934202818083,0.0,0.009338062546608008,0.011535155966889817,,,,
3950,0.001,adam,3951,66.81876349449158,0.002206112006201344,0.0,0.006569924188037093,0.008776036194238437,,,,
3951,0.001,adam,3952,66.83629751205444,0.0022138022798447,0.0,0.005312323317327378,0.007526125597172077,,,,
3952,0.001,adam,3953,66.84685754776001,0.00220719004253324,0.0,0.005761601638300482,0.007968791680833722,,,,
3953,0.001,adam,3954,66.85611867904663,0.0022082762824868363,0.0,0.006899889839858167,0.009108166122345003,,,,
3954,0.001,adam,3955,66.87750339508057,0.002212599601849625,0.0,0.007665519048382854,0.009878118650232479,,,,
3955,0.001,adam,3956,66.88846802711487,0.0022117332091828334,0.0,0.02285939815290765,0.025071131362090486,,,,
3956,0.001,adam,3957,66.8989188671112,0.002204302524074475,0.0,0.005193061213515241,0.0073973637375897155,,,,
3957,0.001,adam,3958,66.91860246658325,0.002199863232599096,0.0,0.00786117123195354,0.010061034464552636,,,,
3958,0.001,adam,3959,66.92823791503906,0.002187599658175996,0.0,0.006636807411878498,0.008824407070054495,,,,
3959,0.001,adam,3960,66.93828821182251,0.002196375740597804,0.0,0.005481760706092684,0.007678136446690488,0.009256682402042188,0.0,0.006672727309630153,0.01592940971167234
3960,0.001,adam,3961,66.96960949897766,0.0021939638854865952,0.0,0.008779609365571558,0.010973573251058154,,,,
3961,0.001,adam,3962,66.9800775051117,0.00220247990318741,0.0,0.006189162653604266,0.008391642556791677,,,,
3962,0.001,adam,3963,66.99559783935547,0.0022133164196316635,0.0,0.006225572863015337,0.008438889282647001,,,,
3963,0.001,adam,3964,67.02219843864441,0.0022011658449235558,0.0,0.006353693871755847,0.008554859716679403,,,,
3964,0.001,adam,3965,67.03329539299011,0.002194729360026866,0.0,0.0065735674182151845,0.00876829677824205,,,,
3965,0.001,adam,3966,67.04695916175842,0.00221638431773182,0.0,0.0068067471896411155,0.009023131507372936,,,,
3966,0.001,adam,3967,67.08096146583557,0.0022124516382356057,0.0,0.0063903080368028515,0.008602759675038457,,,,
3967,0.001,adam,3968,67.08987808227539,0.0021932961676899535,0.0,0.007503536595404495,0.009696832763094448,,,,
3968,0.001,adam,3969,67.10207724571228,0.0021941691570240935,0.0,0.0043637489690265385,0.006557918126050632,,,,
3969,0.001,adam,3970,67.11671304702759,0.0022089183784690346,0.0,0.006844927557733163,0.009053845936202197,,,,
3970,0.001,adam,3971,67.12837934494019,0.002219753120303057,0.0,0.005437970451573083,0.00765772357187614,,,,
3971,0.001,adam,3972,67.14705872535706,0.0021873928532619028,0.0,0.008733123198958567,0.01092051605222047,,,,
3972,0.001,adam,3973,67.1595618724823,0.002192579352444464,0.0,0.004781267244381963,0.006973846596826427,,,,
3973,0.001,adam,3974,67.1707353591919,0.0022062885581700014,0.0,0.006419643154478629,0.008625931712648631,,,,
3974,0.001,adam,3975,67.1880292892456,0.002198561748153542,0.0,0.010884076376485297,0.01308263812463884,,,,
3975,0.001,adam,3976,67.20509886741638,0.002190797465691909,0.0,0.0056035747548577415,0.0077943722205496505,,,,
3976,0.001,adam,3977,67.22270393371582,0.0022061775410585354,0.0,0.0053188433569380635,0.007525020897996599,,,,
3977,0.001,adam,3978,67.23264956474304,0.0021957217379741188,0.0,0.005339668218310919,0.007535389956285038,,,,
3978,0.001,adam,3979,67.24374032020569,0.002201144942654976,0.0,0.00872954231094029,0.010930687253595268,,,,
3979,0.001,adam,3980,67.25507521629333,0.0022121460321357276,0.0,0.005596447333169152,0.007808593365304879,0.009123498924112865,0.0,0.006263478258807828,0.015386977182920692
3980,0.001,adam,3981,67.2788016796112,0.0021946938029463545,0.0,0.005830914182674266,0.00802560798562062,,,,
3981,0.001,adam,3982,67.28994703292847,0.002202584853328111,0.0,0.0068351353858585135,0.009037720239186624,,,,
3982,0.001,adam,3983,67.2999038696289,0.002212837558089705,0.0,0.006458216510603703,0.008671054068693408,,,,
3983,0.001,adam,3984,67.30934119224548,0.002214036933024344,0.0,0.008299828811933377,0.010513865744957721,,,,
3984,0.001,adam,3985,67.32273006439209,0.0021965166568110616,0.0,0.010612846818790496,0.012809363475601557,,,,
3985,0.001,adam,3986,67.33319997787476,0.0021932425294769664,0.0,0.006573771750321616,0.008767014279798584,,,,
3986,0.001,adam,3987,67.3425030708313,0.0022160520611998777,0.0,0.005395474032786336,0.007611526093986213,,,,
3987,0.001,adam,3988,67.35234713554382,0.0022057113683717424,0.0,0.005102358163666361,0.007308069532038103,,,,
3988,0.001,adam,3989,67.36664271354675,0.0021869886710308745,0.0,0.1371547162145585,0.13934170488558936,,,,
3989,0.001,adam,3990,67.39466857910156,0.0022150337301031857,0.0,0.008180429110662584,0.01039546284076577,,,,
3990,0.001,adam,3991,67.4054925441742,0.0022382820224006164,0.0,0.01703652041965377,0.019274802442054387,,,,
3991,0.001,adam,3992,67.41768217086792,0.0021963034040183606,0.0,0.016328985934322787,0.018525289338341147,,,,
3992,0.001,adam,3993,67.42788076400757,0.002223764735282398,0.0,0.011343978260229986,0.013567742995512385,,,,
3993,0.001,adam,3994,67.44698810577393,0.0022266892533038627,0.0,0.009590615424447616,0.011817304677751479,,,,
3994,0.001,adam,3995,67.46043682098389,0.0022074383883917323,0.0,0.011740707792396967,0.0139481461807887,,,,
3995,0.001,adam,3996,67.47094678878784,0.002201277037377389,0.0,0.022822564914432443,0.02502384195180983,,,,
3996,0.001,adam,3997,67.48101806640625,0.0022173317082270824,0.0,0.02535085387654057,0.027568185584767653,,,,
3997,0.001,adam,3998,67.49083161354065,0.0022491285332463863,0.0,0.014764185708751681,0.01701331424199807,,,,
3998,0.001,adam,3999,67.50738143920898,0.002204346944429389,0.0,0.011388437070718283,0.013592784015147671,,,,
3999,0.001,adam,4000,67.51818251609802,0.0022418268167678597,0.0,0.02326636245098676,0.02550818926775462,0.009348444319355215,0.0,0.03728309609389716,0.046631540413252376
4000,0.001,adam,4001,67.5417709350586,0.0022266587870184563,0.0,0.03601333880005554,0.038239997587074,,,,
4001,0.001,adam,4002,67.55381274223328,0.002216909759616727,0.0,0.018743176557319653,0.02096008631693638,,,,
4002,0.001,adam,4003,67.57042145729065,0.0022313227243326798,0.0,0.009559745479630549,0.011791068203963228,,,,
4003,0.001,adam,4004,67.58521723747253,0.0022692509425422313,0.0,0.02351163891537434,0.025780889857916572,,,,
4004,0.001,adam,4005,67.59552550315857,0.0022474830615544354,0.0,0.043021113034390025,0.04526859609594446,,,,
4005,0.001,adam,4006,67.60460615158081,0.0022316663555222702,0.0,0.02278873532899653,0.0250204016845188,,,,
4006,0.001,adam,4007,67.61439847946167,0.002164530490897015,0.0,0.008191336771757065,0.01035586726265408,,,,
4007,0.001,adam,4008,67.62512731552124,0.002197155595536196,0.0,0.01419420431112228,0.016391359906658475,,,,
4008,0.001,adam,4009,67.63576531410217,0.0021780196176416416,0.0,0.016246346912955408,0.01842436653059705,,,,
4009,0.001,adam,4010,67.64657664299011,0.002142221045736682,0.0,0.009341657635231107,0.011483878680967789,,,,
4010,0.001,adam,4011,67.65696978569031,0.00215787045342509,0.0,0.008068108237736451,0.010225978691161541,,,,
4011,0.001,adam,4012,67.66956973075867,0.0021428505882785873,0.0,0.011516721842830108,0.013659572431108696,,,,
4012,0.001,adam,4013,67.68207311630249,0.002161947112874793,0.0,0.011737614857929221,0.013899561970804015,,,,
4013,0.001,adam,4014,67.69928121566772,0.002146192489140793,0.0,0.0067601977899613835,0.008906390279102176,,,,
4014,0.001,adam,4015,67.71296763420105,0.0021531746578386294,0.0,0.008887951622141196,0.011041126279979826,,,,
4015,0.001,adam,4016,67.72253155708313,0.0021445184632362616,0.0,0.010631084629444332,0.012775603092680594,,,,
4016,0.001,adam,4017,67.74282813072205,0.002163141248487374,0.0,0.010545314969200723,0.012708456217688097,,,,
4017,0.001,adam,4018,67.75687789916992,0.0021426943489961515,0.0,0.006694021869571067,0.008836716218567218,,,,
4018,0.001,adam,4019,67.76950478553772,0.0021313894126707136,0.0,0.009164425048464181,0.011295814461134895,,,,
4019,0.001,adam,4020,67.77963995933533,0.002156002217453867,0.0,0.00970761676848082,0.011863618985934687,0.009133855266052126,0.0,0.010466584998050909,0.019600440264103035
4020,0.001,adam,4021,67.8014452457428,0.002188110950214826,0.0,0.011749470447538147,0.013937581397752974,,,,
4021,0.001,adam,4022,67.82142877578735,0.002158393822177817,0.0,0.0061924892907987234,0.008350883112976541,,,,
4022,0.001,adam,4023,67.83237838745117,0.0021571718388336504,0.0,0.010507370394979468,0.012664542233813119,,,,
4023,0.001,adam,4024,67.84351825714111,0.0021848051476415884,0.0,0.010064075689996118,0.012248880837637706,,,,
4024,0.001,adam,4025,67.86042189598083,0.0021574977661167317,0.0,0.009025125296993324,0.011182623063110056,,,,
4025,0.001,adam,4026,67.87218022346497,0.002122382598076497,0.0,0.0063101920711912535,0.00843257466926775,,,,
4026,0.001,adam,4027,67.88174629211426,0.0021355289642304375,0.0,0.00618746037269208,0.008322989336922517,,,,
4027,0.001,adam,4028,67.89754509925842,0.0021529216725391705,0.0,0.0068882871454583605,0.009041208817997531,,,,
4028,0.001,adam,4029,67.91618514060974,0.002146835550623268,0.0,0.007932014042220523,0.010078849592843792,,,,
4029,0.001,adam,4030,67.93299174308777,0.002128906777769174,0.0,0.004877697041101084,0.007006603818870258,,,,
4030,0.001,adam,4031,67.94933199882507,0.002129232104621632,0.0,0.0070444885968207775,0.00917372070144241,,,,
4031,0.001,adam,4032,67.95944833755493,0.002150092630938205,0.0,0.005255607397102721,0.007405700028040927,,,,
4032,0.001,adam,4033,67.97175073623657,0.002155525989514729,0.0,0.0058909267453805935,0.008046452734895322,,,,
4033,0.001,adam,4034,67.98303484916687,0.0021343005973802403,0.0,0.00637262913781176,0.008506929735192001,,,,
4034,0.001,adam,4035,67.99465894699097,0.002140825082829359,0.0,0.00551685354151891,0.007657678624348269,,,,
4035,0.001,adam,4036,68.0051429271698,0.002155568622102348,0.0,0.005315650283355609,0.007471218905457957,,,,
4036,0.001,adam,4037,68.02086567878723,0.0021452350503748043,0.0,0.005624312071663201,0.007769547122038005,,,,
4037,0.001,adam,4038,68.03327941894531,0.0021346186121115594,0.0,0.006653039512270626,0.008787658124382185,,,,
4038,0.001,adam,4039,68.04289031028748,0.002134483268845911,0.0,0.006376745877245908,0.00851122914609182,,,,
4039,0.001,adam,4040,68.05552768707275,0.0021435545070706695,0.0,0.0069417874050217545,0.009085341912092424,0.009197112049729606,0.0,0.008229109730935309,0.017426221780664913
4040,0.001,adam,4041,68.08459615707397,0.0021397289479987754,0.0,0.007330631429714629,0.009470360377713405,,,,
4041,0.001,adam,4042,68.10063815116882,0.002139038318591102,0.0,0.007571474744080253,0.009710513062671355,,,,
4042,0.001,adam,4043,68.11080312728882,0.002156546252707289,0.0,0.006035870649889708,0.008192416902596996,,,,
4043,0.001,adam,4044,68.12215232849121,0.0021670103898623703,0.0,0.0056208940921551685,0.007787904482017539,,,,
4044,0.001,adam,4045,68.13393306732178,0.002154868019244006,0.0,0.006441728680071068,0.008596596699315074,,,,
4045,0.001,adam,4046,68.14512085914612,0.002150365000197047,0.0,0.00617671828458191,0.008327083284778956,,,,
4046,0.001,adam,4047,68.15712785720825,0.0021438744091344707,0.0,0.005467143574128341,0.007611017983262812,,,,
4047,0.001,adam,4048,68.17384886741638,0.002152443880221338,0.0,0.005662661161156013,0.007815105041377352,,,,
4048,0.001,adam,4049,68.18531847000122,0.0021564236700795094,0.0,0.021753242158019246,0.023909665828098756,,,,
4049,0.001,adam,4050,68.1957700252533,0.0021472210580532752,0.0,0.005744032730067569,0.007891253788120844,,,,
4050,0.001,adam,4051,68.20816349983215,0.0021468353417798845,0.0,0.006849299713157476,0.00899613505493736,,,,
4051,0.001,adam,4052,68.22508811950684,0.0021536711877853773,0.0,0.005592429538482153,0.007746100726267531,,,,
4052,0.001,adam,4053,68.23650574684143,0.002142003876297335,0.0,0.009251607438467983,0.011393611314765318,,,,
4053,0.001,adam,4054,68.24660444259644,0.002138236330115153,0.0,0.005107966877071555,0.0072462032071867084,,,,
4054,0.001,adam,4055,68.25962901115417,0.002139082650770342,0.0,0.0064783748994581055,0.008617457550228448,,,,
4055,0.001,adam,4056,68.28141212463379,0.0021301001275721133,0.0,0.006345007818303697,0.00847510794587581,,,,
4056,0.001,adam,4057,68.29321503639221,0.0021325660566580925,0.0,0.007610843807354125,0.009743409864012217,,,,
4057,0.001,adam,4058,68.30657172203064,0.002150732067092535,0.0,0.007091019856457251,0.009241751923549786,,,,
4058,0.001,adam,4059,68.322500705719,0.002141908237856994,0.0,0.005834090902184337,0.00797599914004133,,,,
4059,0.001,adam,4060,68.33299565315247,0.0021384581830545396,0.0,0.007043732520196497,0.009182190703251037,0.009137574327686648,0.0,0.007829013239633023,0.01696658756731967
4060,0.001,adam,4061,68.35266637802124,0.0021396564565186876,0.0,0.008780879202043205,0.010920535658561893,,,,
4061,0.001,adam,4062,68.36454463005066,0.0021378221116565657,0.0,0.008802604317718659,0.010940426429375224,,,,
4062,0.001,adam,4063,68.37614107131958,0.0021327925649031526,0.0,0.006534534230900971,0.008667326795804123,,,,
4063,0.001,adam,4064,68.38809823989868,0.0021305052373307865,0.0,0.00849246092061411,0.010622966157944896,,,,
4064,0.001,adam,4065,68.3998498916626,0.0021422307471512646,0.0,0.008140766167707312,0.010282996914858577,,,,
4065,0.001,adam,4066,68.4104208946228,0.002174831172977726,0.0,0.007105867367112736,0.009280698540090462,,,,
4066,0.001,adam,4067,68.43040370941162,0.0021423276072167724,0.0,0.005301523182216082,0.007443850789432854,,,,
4067,0.001,adam,4068,68.44346714019775,0.0021297159744489845,0.0,0.012681179704175965,0.014810895678624949,,,,
4068,0.001,adam,4069,68.45496368408203,0.0021366923328332587,0.0,0.03150476212958751,0.03364145446242077,,,,
4069,0.001,adam,4070,68.46547412872314,0.0021498864560397335,0.0,0.015578043624272214,0.017727930080311947,,,,
4070,0.001,adam,4071,68.47606563568115,0.0021250053487806885,0.0,0.009088615962863153,0.011213621311643843,,,,
4071,0.001,adam,4072,68.48517918586731,0.002130598356475641,0.0,0.010851585595414177,0.012982183951889818,,,,
4072,0.001,adam,4073,68.49628043174744,0.0021705408367921567,0.0,0.01416703023362969,0.016337571070421848,,,,
4073,0.001,adam,4074,68.50665187835693,0.0021912030325264356,0.0,0.010756971169318005,0.01294817420184444,,,,
4074,0.001,adam,4075,68.52146983146667,0.0021678855233341955,0.0,0.007470370152259339,0.009638255675593534,,,,
4075,0.001,adam,4076,68.53227043151855,0.0021451969374571417,0.0,0.009303860078270132,0.011449057015727274,,,,
4076,0.001,adam,4077,68.54258370399475,0.0021640881048932857,0.0,0.015021667126302032,0.017185755231195317,,,,
4077,0.001,adam,4078,68.55242896080017,0.0021401851336405302,0.0,0.01002845388499907,0.0121686390186396,,,,
4078,0.001,adam,4079,68.56842350959778,0.002123005245321825,0.0,0.005677127000320662,0.007800132245642487,,,,
4079,0.001,adam,4080,68.58023476600647,0.0021428494653941035,0.0,0.008469017376373785,0.010611866841767889,0.009247104155871457,0.0,0.008397129577235781,0.017644233733107237
4080,0.001,adam,4081,68.60010242462158,0.0021488516249762606,0.0,0.007205934376634858,0.009354786001611118,,,,
4081,0.001,adam,4082,68.61743974685669,0.0021259189274870313,0.0,0.007810350546896083,0.009936269474383114,,,,
4082,0.001,adam,4083,68.63471746444702,0.0021164992492995775,0.0,0.007025440130277472,0.009141939379577049,,,,
4083,0.001,adam,4084,68.64634680747986,0.0021413352230760284,0.0,0.006705860667709181,0.008847195890785208,,,,
4084,0.001,adam,4085,68.65701460838318,0.002133676668721568,0.0,0.008213664627737548,0.010347341296459117,,,,
4085,0.001,adam,4086,68.67111825942993,0.0021228151076422464,0.0,0.005917166919338693,0.00803998202698094,,,,
4086,0.001,adam,4087,68.68448519706726,0.0021216088479895524,0.0,0.0047977847445237806,0.006919393592513333,,,,
4087,0.001,adam,4088,68.69622945785522,0.0021231818739870607,0.0,0.01146643773496702,0.013589619608954082,,,,
4088,0.001,adam,4089,68.72918605804443,0.002116187095688473,0.0,0.011033435642856474,0.013149622738544947,,,,
4089,0.001,adam,4090,68.74108815193176,0.002128234918305045,0.0,0.01042280323796421,0.012551038156269255,,,,
4090,0.001,adam,4091,68.75202894210815,0.002132141017926185,0.0,0.008303899924015461,0.010436040941941647,,,,
4091,0.001,adam,4092,68.76210522651672,0.002140317885476661,0.0,0.007963932729276252,0.010104250614752914,,,,
4092,0.001,adam,4093,68.77199482917786,0.002148263222318013,0.0,0.011621996312226452,0.013770259534544464,,,,
4093,0.001,adam,4094,68.7839617729187,0.0021462179420805665,0.0,0.01095528711820646,0.013101505060287027,,,,
4094,0.001,adam,4095,68.7994601726532,0.002131674146568344,0.0,0.007557770857366283,0.009689445003934627,,,,
4095,0.001,adam,4096,68.8094322681427,0.0021418999557142725,0.0,0.011448171228448798,0.01359007118416307,,,,
4096,0.001,adam,4097,68.81929993629456,0.002120651835659829,0.0,0.009813305505308649,0.011933957340968478,,,,
4097,0.001,adam,4098,68.82931280136108,0.0021117695884480055,0.0,0.007268362363446734,0.00938013195189474,,,,
4098,0.001,adam,4099,68.84053158760071,0.0021306064496538547,0.0,0.008899850392920187,0.011030456842574041,,,,
4099,0.001,adam,4100,68.85798716545105,0.0021217973691413567,0.0,0.006079890228341757,0.008201687597483114,0.009099897503324362,0.0,0.008093248061946334,0.017193145565270698
4100,0.001,adam,4101,68.87922048568726,0.0021075688290004752,0.0,0.009229550849429214,0.011337119678429689,,,,
4101,0.001,adam,4102,68.89191555976868,0.002111899225285432,0.0,0.004078263679727629,0.00619016290501306,,,,
4102,0.001,adam,4103,68.90187311172485,0.0021200414178062293,0.0,0.006472999479987812,0.00859304089779404,,,,
4103,0.001,adam,4104,68.91263914108276,0.0021028085841585105,0.0,0.00572997743903237,0.007832786023190881,,,,
4104,0.001,adam,4105,68.92282676696777,0.0021099657969764975,0.0,0.006999104588896822,0.00910907038587332,,,,
4105,0.001,adam,4106,68.93420767784119,0.002132760329934691,0.0,0.005334426437255247,0.007467186767189939,,,,
4106,0.001,adam,4107,68.9471869468689,0.0021227409118707266,0.0,0.005922701130463775,0.008045442042334502,,,,
4107,0.001,adam,4108,68.95708346366882,0.002116835210104392,0.0,0.006182442999348546,0.008299278209452938,,,,
4108,0.001,adam,4109,68.96750235557556,0.0021048503505547724,0.0,0.04561380610012604,0.04771865645068081,,,,
4109,0.001,adam,4110,68.98323559761047,0.0020970494580741486,0.0,0.0067519210430615016,0.00884897050113565,,,,
4110,0.001,adam,4111,68.99387955665588,0.0020895931903467365,0.0,0.0067862424087491114,0.008875835599095848,,,,
4111,0.001,adam,4112,69.00574254989624,0.0020903565610150728,0.0,0.012526916238365765,0.014617272799380838,,,,
4112,0.001,adam,4113,69.01619267463684,0.0020901351488000408,0.0,0.00899289946800572,0.011083034616805761,,,,
4113,0.001,adam,4114,69.02771925926208,0.0020892977713763594,0.0,0.006264306414312358,0.008353604185688717,,,,
4114,0.001,adam,4115,69.03936624526978,0.002110307155375397,0.0,0.007964565354241232,0.010074872509616629,,,,
4115,0.001,adam,4116,69.0572156906128,0.0021046337613253767,0.0,0.0069810837678571545,0.009085717529182531,,,,
4116,0.001,adam,4117,69.06974339485168,0.002110390542328005,0.0,0.010044663390844926,0.012155053933172932,,,,
4117,0.001,adam,4118,69.07964730262756,0.0020985934079422604,0.0,0.008017729804471152,0.010116323212413413,,,,
4118,0.001,adam,4119,69.08913707733154,0.0021514281110443676,0.0,0.006852651988029273,0.009004080099073641,,,,
4119,0.001,adam,4120,69.10119128227234,0.002140739801161584,0.0,0.008587203831175005,0.01072794363233659,0.009095036085451761,0.0,0.008057534730896416,0.017152570816348175
4120,0.001,adam,4121,69.12262773513794,0.0020995140402976778,0.0,0.006886081353493964,0.00898559539379164,,,,
4121,0.001,adam,4122,69.13229632377625,0.002108013610123934,0.0,0.006447363996518357,0.008555377606642291,,,,
4122,0.001,adam,4123,69.16045236587524,0.002156313117992931,0.0,0.009055682483483322,0.011211995601476253,,,,
4123,0.001,adam,4124,69.17093396186829,0.0021046154474730007,0.0,0.005885729689723511,0.007990345137196512,,,,
4124,0.001,adam,4125,69.18025183677673,0.0020788563723782945,0.0,0.006718876080572198,0.008797732452950492,,,,
4125,0.001,adam,4126,69.19694662094116,0.0020797812879211845,0.0,0.007521963333037942,0.009601744620959127,,,,
4126,0.001,adam,4127,69.2080442905426,0.0021125626515259175,0.0,0.010252500452408764,0.012365063103934683,,,,
4127,0.001,adam,4128,69.21793818473816,0.002079332504359297,0.0,0.00588504343295221,0.007964375937311507,,,,
4128,0.001,adam,4129,69.22774600982666,0.002119263799156604,0.0,0.006850505886358415,0.008969769685515019,,,,
4129,0.001,adam,4130,69.23832678794861,0.002119210903436984,0.0,0.005736209570452582,0.007855420473889565,,,,
4130,0.001,adam,4131,69.24929308891296,0.0021186287161545974,0.0,0.006640625073080277,0.008759253789234873,,,,
4131,0.001,adam,4132,69.26002287864685,0.0021101486546977696,0.0,0.004959272272650991,0.00706942092734876,,,,
4132,0.001,adam,4133,69.27055430412292,0.0021129856844779075,0.0,0.006458379026803384,0.008571364711281292,,,,
4133,0.001,adam,4134,69.28208470344543,0.002116733078104871,0.0,0.005915112455076059,0.00803184553318093,,,,
4134,0.001,adam,4135,69.2947826385498,0.0021171427543884647,0.0,0.010069032780846875,0.01218617553523534,,,,
4135,0.001,adam,4136,69.31762099266052,0.002098501564018553,0.0,0.0054147084772478,0.0075132100412663525,,,,
4136,0.001,adam,4137,69.32765173912048,0.002100551451098652,0.0,0.00586538343508423,0.007965934886182881,,,,
4137,0.001,adam,4138,69.33776926994324,0.0021222899082326066,0.0,0.006839063386274699,0.008961353294507306,,,,
4138,0.001,adam,4139,69.34779167175293,0.0021148097007531092,0.0,0.006643084671088391,0.0087578943718415,,,,
4139,0.001,adam,4140,69.37392115592957,0.0021051693874838866,0.0,0.004888818334486674,0.006993987721970561,0.00906329101140777,0.0,0.009206987590261458,0.01827027860166923
4140,0.001,adam,4141,69.40194702148438,0.002100759060956727,0.0,0.01020109114248006,0.012301850203436786,,,,
4141,0.001,adam,4142,69.41149020195007,0.0021037824004127193,0.0,0.012648606161715172,0.014752388562127891,,,,
4142,0.001,adam,4143,69.42277097702026,0.002106996120444251,0.0,0.013673911484731427,0.015780907605175677,,,,
4143,0.001,adam,4144,69.43270421028137,0.002076894461357501,0.0,0.005889797114084223,0.007966691575441723,,,,
4144,0.001,adam,4145,69.44250106811523,0.002068291332085346,0.0,0.007417213670418005,0.00948550500250335,,,,
4145,0.001,adam,4146,69.45738482475281,0.002077690120170904,0.0,0.007915852583501515,0.00999354270367242,,,,
4146,0.001,adam,4147,69.47525811195374,0.0020835050896670115,0.0,0.00761816884376028,0.009701673933427291,,,,
4147,0.001,adam,4148,69.4892578125,0.0020782760927418966,0.0,0.005773762148323576,0.007852038241065472,,,,
4148,0.001,adam,4149,69.50124001502991,0.0020802388341287833,0.0,0.005729892915180866,0.00781013174930965,,,,
4149,0.001,adam,4150,69.51685357093811,0.00209814776796534,0.0,0.00901655938479726,0.011114707152762601,,,,
4150,0.001,adam,4151,69.52835726737976,0.002087910784159481,0.0,0.009070283321209887,0.011158194105369367,,,,
4151,0.001,adam,4152,69.53826403617859,0.0020942660883349847,0.0,0.00644412936104464,0.008538395449379624,,,,
4152,0.001,adam,4153,69.5493106842041,0.002098853110362146,0.0,0.0053821807899130224,0.007481033900275168,,,,
4153,0.001,adam,4154,69.5600061416626,0.0020931079349658134,0.0,0.00690273956892363,0.008995847503889444,,,,
4154,0.001,adam,4155,69.57057690620422,0.0020941599202332095,0.0,0.005430384170278455,0.007524544090511665,,,,
4155,0.001,adam,4156,69.58224248886108,0.002094187604000207,0.0,0.008895902387823954,0.01099008999182416,,,,
4156,0.001,adam,4157,69.59430027008057,0.0020946658750584674,0.0,0.006957608154695159,0.009052274029753626,,,,
4157,0.001,adam,4158,69.60499811172485,0.002095826634005981,0.0,0.01400646383251165,0.016102290466517632,,,,
4158,0.001,adam,4159,69.61583757400513,0.0020988737575744335,0.0,0.010386372217104261,0.012485245974678694,,,,
4159,0.001,adam,4160,69.62617874145508,0.002099274916258714,0.0,0.007716655050246646,0.00981592996650536,0.008917588975844385,0.0,0.005939080824701128,0.014856669800545513
4160,0.001,adam,4161,69.6478796005249,0.0020852771782756997,0.0,0.006420995988923631,0.00850627316719933,,,,
4161,0.001,adam,4162,69.65890860557556,0.0020885891968581,0.0,0.00688390379958153,0.00897249299643963,,,,
4162,0.001,adam,4163,69.67453646659851,0.0021131214341848395,0.0,0.00775053809192359,0.00986365952610843,,,,
4163,0.001,adam,4164,69.68432807922363,0.0021069939052068614,0.0,0.009194713638754615,0.011301707543961478,,,,
4164,0.001,adam,4165,69.7083432674408,0.0020874088795048993,0.0,0.00792095721684912,0.01000836609635402,,,,
4165,0.001,adam,4166,69.7223629951477,0.0020803795452993875,0.0,0.008816644991466213,0.0108970245367656,,,,
4166,0.001,adam,4167,69.7331953048706,0.0020865442588355156,0.0,0.00485154385770269,0.0069380881165382055,,,,
4167,0.001,adam,4168,69.74650621414185,0.0020881725031560096,0.0,0.0064160336840953375,0.008504206187251347,,,,
4168,0.001,adam,4169,69.75910830497742,0.002084393980143878,0.0,0.00492611783288307,0.0070105118130269475,,,,
4169,0.001,adam,4170,69.77063846588135,0.0020744245369678648,0.0,0.005185774331081641,0.007260198868049506,,,,
4170,0.001,adam,4171,69.78612446784973,0.0020869565932731273,0.0,0.005214446109257948,0.007301402702531075,,,,
4171,0.001,adam,4172,69.8095531463623,0.0021093104113712844,0.0,0.006233148553007629,0.008342458964378914,,,,
4172,0.001,adam,4173,69.82074809074402,0.0021120674260924443,0.0,0.0045840650610495986,0.0066961324871420425,,,,
4173,0.001,adam,4174,69.83144640922546,0.002100178373738844,0.0,0.005597013536395508,0.007697191910134352,,,,
4174,0.001,adam,4175,69.84289336204529,0.0020817771737896844,0.0,0.005608562776313202,0.007690339950102886,,,,
4175,0.001,adam,4176,69.85365557670593,0.0020758147268365892,0.0,0.00632692786843955,0.008402742595276139,,,,
4176,0.001,adam,4177,69.86537837982178,0.002081731257977743,0.0,0.013734511305939704,0.01581624256391745,,,,
4177,0.001,adam,4178,69.87643384933472,0.002075394806400541,0.0,0.007156354913103918,0.009231749719504459,,,,
4178,0.001,adam,4179,69.90498208999634,0.0020590448947511515,0.0,0.00847362406779752,0.010532668962548671,,,,
4179,0.001,adam,4180,69.91512084007263,0.002057893995868974,0.0,0.006124850181438322,0.008182744177307296,0.009081465526640948,0.0,0.006904191007110635,0.015985656533751582
4180,0.001,adam,4181,69.93916988372803,0.0020757619372937745,0.0,0.0074833752509609885,0.009559137188254763,,,,
4181,0.001,adam,4182,69.94977807998657,0.0020770968832635843,0.0,0.006674545386998109,0.008751642270261694,,,,
4182,0.001,adam,4183,69.96020674705505,0.0020747435231936932,0.0,0.0064616500203071425,0.008536393543500836,,,,
4183,0.001,adam,4184,69.97178077697754,0.0020754878802941826,0.0,0.007425285544288565,0.009500773424582748,,,,
4184,0.001,adam,4185,69.98241901397705,0.002066873722974652,0.0,0.011387380673634762,0.013454254396609414,,,,
4185,0.001,adam,4186,69.99309968948364,0.0020879957541894206,0.0,0.013363104086997871,0.015451099841187293,,,,
4186,0.001,adam,4187,70.00426936149597,0.002088005718000233,0.0,0.00883037260964471,0.010918378327644942,,,,
4187,0.001,adam,4188,70.02111196517944,0.0020765340605806834,0.0,0.007599741571914754,0.009676275632495438,,,,
4188,0.001,adam,4189,70.03302717208862,0.0020881852808812247,0.0,0.007920465443834223,0.010008650724715448,,,,
4189,0.001,adam,4190,70.04489970207214,0.002133979418965847,0.0,0.010873157891158612,0.01300713731012446,,,,
4190,0.001,adam,4191,70.07338380813599,0.002080054693649236,0.0,0.0066314820244149685,0.008711536718064204,,,,
4191,0.001,adam,4192,70.08534002304077,0.00207063740149826,0.0,0.008740783334023313,0.010811420735521573,,,,
4192,0.001,adam,4193,70.09836077690125,0.002086603172442973,0.0,0.009852357086545159,0.011938960258988131,,,,
4193,0.001,adam,4194,70.10970759391785,0.002103524547881058,0.0,0.012251524870031798,0.014355049417912855,,,,
4194,0.001,adam,4195,70.12139964103699,0.002055452818612637,0.0,0.007152571584790842,0.00920802440340348,,,,
4195,0.001,adam,4196,70.13324475288391,0.002063691415112154,0.0,0.014071181051583828,0.016134872466695982,,,,
4196,0.001,adam,4197,70.14490151405334,0.0020800972508242905,0.0,0.01034667044041678,0.01242676769124107,,,,
4197,0.001,adam,4198,70.1654167175293,0.0020888531162480167,0.0,0.009452247719018763,0.01154110083526678,,,,
4198,0.001,adam,4199,70.18255829811096,0.00206405952373162,0.0,0.006766829481117449,0.008830889004849069,,,,
4199,0.001,adam,4200,70.19329023361206,0.0020724896523745652,0.0,0.007527929327540496,0.009600418979915062,0.008946618051126731,0.0,0.006383059164911513,0.015329677216038244
4200,0.001,adam,4201,70.21200513839722,0.002054510684303765,0.0,0.006865093883493685,0.00891960456779745,,,,
4201,0.001,adam,4202,70.22778630256653,0.0020780167702905672,0.0,0.005795705486613315,0.007873722256903882,,,,
4202,0.001,adam,4203,70.24171447753906,0.0020903287168000835,0.0,0.005712640299633211,0.007802969016433295,,,,
4203,0.001,adam,4204,70.25390911102295,0.0020907036556776946,0.0,0.005636338881810421,0.007727042537488116,,,,
4204,0.001,adam,4205,70.27427816390991,0.0020909036324044806,0.0,0.006494158419920704,0.008585062052325185,,,,
4205,0.001,adam,4206,70.29725933074951,0.002099337424777428,0.0,0.006176782397552065,0.008276119822329493,,,,
4206,0.001,adam,4207,70.30776453018188,0.002087182166381659,0.0,0.004568577704854028,0.006655759871235687,,,,
4207,0.001,adam,4208,70.32509779930115,0.002066618321950327,0.0,0.005267103990008423,0.00733372231195875,,,,
4208,0.001,adam,4209,70.33569097518921,0.002052159549621786,0.0,0.006123003855310178,0.008175163404931964,,,,
4209,0.001,adam,4210,70.35328674316406,0.002045765004784698,0.0,0.006499176165068947,0.008544941169853645,,,,
4210,0.001,adam,4211,70.36640286445618,0.0020619307706910184,0.0,0.005611824429611505,0.007673755200302524,,,,
4211,0.001,adam,4212,70.38177752494812,0.00208077368639642,0.0,0.004988172972136544,0.007068946658532964,,,,
4212,0.001,adam,4213,70.3917248249054,0.0020713891149549556,0.0,0.0067264669645824724,0.008797856079537428,,,,
4213,0.001,adam,4214,70.40108871459961,0.0020548082280484386,0.0,0.005149554121730302,0.0072043623497787404,,,,
4214,0.001,adam,4215,70.4123182296753,0.002063223063958117,0.0,0.0071438132119627795,0.009207036275920896,,,,
4215,0.001,adam,4216,70.42454051971436,0.0020522179732077165,0.0,0.004634520546343773,0.00668673851955149,,,,
4216,0.001,adam,4217,70.43723464012146,0.002040704858021319,0.0,0.01706984695398381,0.01911055181200513,,,,
4217,0.001,adam,4218,70.45920419692993,0.0020490819048370355,0.0,0.007121189958638035,0.00917027186347507,,,,
4218,0.001,adam,4219,70.47798418998718,0.0020604691169189724,0.0,0.004964465123745482,0.0070249342406644546,,,,
4219,0.001,adam,4220,70.49882626533508,0.002063518001812322,0.0,0.005331803022145467,0.007395321023957789,0.009004634297167026,0.0,0.006424236638799141,0.015428870935966166
4220,0.001,adam,4221,70.52041101455688,0.002051367073116445,0.0,0.006356002396452296,0.008407369469568741,,,,
4221,0.001,adam,4222,70.5333936214447,0.00204822393220161,0.0,0.008031142139622933,0.010079366071824542,,,,
4222,0.001,adam,4223,70.54943609237671,0.002070916768134417,0.0,0.009593974224342347,0.011664890992476765,,,,
4223,0.001,adam,4224,70.56469440460205,0.002056756953712233,0.0,0.006380869899649344,0.008437626853361576,,,,
4224,0.001,adam,4225,70.58262586593628,0.002040907989832235,0.0,0.0050786194010546595,0.0071195273908868945,,,,
4225,0.001,adam,4226,70.59339451789856,0.0020463110567361786,0.0,0.006600546102349313,0.008646857159085492,,,,
4226,0.001,adam,4227,70.6058943271637,0.0020524064117463563,0.0,0.008023847609823078,0.010076254021569434,,,,
4227,0.001,adam,4228,70.62107300758362,0.0020417084353125457,0.0,0.008713273619167327,0.010754982054479873,,,,
4228,0.001,adam,4229,70.63158011436462,0.0020536625561383436,0.0,0.006412988872971373,0.008466651429109717,,,,
4229,0.001,adam,4230,70.64450144767761,0.002051525527084037,0.0,0.007767356392271838,0.009818881919355874,,,,
4230,0.001,adam,4231,70.6553328037262,0.0020339399939661718,0.0,0.007855368091191566,0.009889308085157738,,,,
4231,0.001,adam,4232,70.67305159568787,0.0020499674918088317,0.0,0.013273682546776605,0.015323650038585436,,,,
4232,0.001,adam,4233,70.68759369850159,0.0020603299286506695,0.0,0.01227071385246616,0.014331043781116829,,,,
4233,0.001,adam,4234,70.69828748703003,0.0020512789608174735,0.0,0.008517117681083344,0.010568396641900818,,,,
4234,0.001,adam,4235,70.70997834205627,0.002071601036242244,0.0,0.009058465535237216,0.01113006657147946,,,,
4235,0.001,adam,4236,70.73193526268005,0.0020446713548348512,0.0,0.0070883578402352624,0.009133029195070114,,,,
4236,0.001,adam,4237,70.74531292915344,0.00206652678082167,0.0,0.010211646815302237,0.012278173596123907,,,,
4237,0.001,adam,4238,70.7552330493927,0.002053003564422465,0.0,0.011157743812001273,0.013210747376423738,,,,
4238,0.001,adam,4239,70.76620483398438,0.002040390027759806,0.0,0.00928882510094633,0.011329215128706136,,,,
4239,0.001,adam,4240,70.77728605270386,0.0020437833224269076,0.0,0.005576351507699258,0.0076201348301261655,0.009014463533860411,0.0,0.0077013199322047005,0.01671578346606511
4240,0.001,adam,4241,70.80027222633362,0.0020339796760793097,0.0,0.0061201553087050446,0.008154134984784355,,,,
4241,0.001,adam,4242,70.82755589485168,0.0020265077827589235,0.0,0.0074086833181077755,0.0094351911008667,,,,
4242,0.001,adam,4243,70.8388819694519,0.002041463220316918,0.0,0.0078000422072897506,0.00984150542760667,,,,
4243,0.001,adam,4244,70.84910893440247,0.0020438998767052523,0.0,0.004034442019919841,0.006078341896625093,,,,
4244,0.001,adam,4245,70.86044263839722,0.002080775848202046,0.0,0.006714744728661651,0.008795520576863697,,,,
4245,0.001,adam,4246,70.87478613853455,0.002055942009905686,0.0,0.0075807225381443995,0.009636664548050086,,,,
4246,0.001,adam,4247,70.88568639755249,0.002043449066128302,0.0,0.010063488941411318,0.01210693800753962,,,,
4247,0.001,adam,4248,70.89518141746521,0.002059735332005104,0.0,0.007839265650892603,0.009899000982897707,,,,
4248,0.001,adam,4249,70.91387581825256,0.0020388313220551036,0.0,0.004871085596651806,0.0069099169187069095,,,,
4249,0.001,adam,4250,70.93991589546204,0.002032837074299537,0.0,0.006066813638400075,0.008099650712699611,,,,
4250,0.001,adam,4251,70.95544362068176,0.0020362235791115415,0.0,0.008546805713674745,0.010583029292786287,,,,
4251,0.001,adam,4252,70.96679425239563,0.0020320239083356727,0.0,0.011307939566264403,0.013339963474600076,,,,
4252,0.001,adam,4253,70.97837138175964,0.0020166074124899295,0.0,0.017405769792522775,0.019422377205012706,,,,
4253,0.001,adam,4254,71.00620102882385,0.002016289559779792,0.0,0.006432286003264484,0.008448575563044276,,,,
4254,0.001,adam,4255,71.01705694198608,0.0020201048332970065,0.0,0.005002757829855213,0.00702286266315222,,,,
4255,0.001,adam,4256,71.02859830856323,0.00202283787515794,0.0,0.0072636967656063214,0.009286534640764262,,,,
4256,0.001,adam,4257,71.03895735740662,0.0020272672210265297,0.0,0.007376743983720781,0.00940401120474731,,,,
4257,0.001,adam,4258,71.0518684387207,0.0020047286818092864,0.0,0.01058670012403724,0.012591428805846527,,,,
4258,0.001,adam,4259,71.06311655044556,0.0020328786721214884,0.0,0.008098474898595578,0.010131353570717067,,,,
4259,0.001,adam,4260,71.07920670509338,0.0020142957247432855,0.0,0.005853914068476552,0.007868209793219838,0.008895410060947602,0.0,0.007987406271525015,0.016882816332472617
4260,0.001,adam,4261,71.0986225605011,0.002018539401182636,0.0,0.009027474051284387,0.011046013452467023,,,,
4261,0.001,adam,4262,71.10953617095947,0.0020350743777808895,0.0,0.008599555783372726,0.010634630161153616,,,,
4262,0.001,adam,4263,71.12065744400024,0.0020537132663124543,0.0,0.013583157118155886,0.01563687038446834,,,,
4263,0.001,adam,4264,71.13745474815369,0.0020277717477655928,0.0,0.010278706215425376,0.012306477963190968,,,,
4264,0.001,adam,4265,71.14790225028992,0.0020429262993072583,0.0,0.009061589179178871,0.01110451547848613,,,,
4265,0.001,adam,4266,71.16387295722961,0.0020260248840280283,0.0,0.006560046677440962,0.00858607156146899,,,,
4266,0.001,adam,4267,71.17506074905396,0.002031284741182967,0.0,0.009783542930531968,0.011814827671714935,,,,
4267,0.001,adam,4268,71.1877875328064,0.0020334212428781465,0.0,0.013264477734020258,0.015297898976898405,,,,
4268,0.001,adam,4269,71.21284627914429,0.0020207734634530706,0.0,0.010723595184406149,0.01274436864785922,,,,
4269,0.001,adam,4270,71.2285144329071,0.0020213488643159245,0.0,0.009012366799101362,0.011033715663417286,,,,
4270,0.001,adam,4271,71.23953819274902,0.002018894492826469,0.0,0.007697362135473658,0.009716256628300127,,,,
4271,0.001,adam,4272,71.25104999542236,0.0020303467283619525,0.0,0.00834598322671989,0.010376329955081844,,,,
4272,0.001,adam,4273,71.2615168094635,0.002018224597143934,0.0,0.007164453677417759,0.009182678274561692,,,,
4273,0.001,adam,4274,71.27118134498596,0.0020497645434593256,0.0,0.012530217287265813,0.014579981830725139,,,,
4274,0.001,adam,4275,71.28525900840759,0.0020501651863279713,0.0,0.008672710280040286,0.010722875466368258,,,,
4275,0.001,adam,4276,71.2966091632843,0.002059491639034096,0.0,0.009428302238533578,0.011487793877567674,,,,
4276,0.001,adam,4277,71.3097550868988,0.0020678832073853775,0.0,0.00903697029387925,0.011104853501264627,,,,
4277,0.001,adam,4278,71.32209300994873,0.002079603106421038,0.0,0.00776575207050572,0.009845355176926758,,,,
4278,0.001,adam,4279,71.33224511146545,0.002049306722959252,0.0,0.007951163921688879,0.010000470644648131,,,,
4279,0.001,adam,4280,71.34281730651855,0.002050444554927011,0.0,0.005543809823144092,0.007594254378071103,0.008972801039078734,0.0,0.006447492259330894,0.015420293298409628
4280,0.001,adam,4281,71.36217427253723,0.0020745448794028338,0.0,0.005876263344194858,0.007950808223597693,,,,
4281,0.001,adam,4282,71.37266755104065,0.0020548624049719095,0.0,0.007375977042574003,0.009430839447545913,,,,
4282,0.001,adam,4283,71.39825105667114,0.0020673541426280526,0.0,0.00657214974416957,0.008639503886797623,,,,
4283,0.001,adam,4284,71.4075231552124,0.002060487040969779,0.0,0.004075970461321057,0.006136457502290835,,,,
4284,0.001,adam,4285,71.41731643676758,0.002044085074194452,0.0,0.008806976344969178,0.01085106141916363,,,,
4285,0.001,adam,4286,71.43554878234863,0.002058293706112641,0.0,0.009221792743603099,0.01128008644971574,,,,
4286,0.001,adam,4287,71.4467875957489,0.0020388314163706676,0.0,0.01046292583903676,0.012501757255407427,,,,
4287,0.001,adam,4288,71.45800304412842,0.00204714414994962,0.0,0.007259780815041072,0.009306924964990693,,,,
4288,0.001,adam,4289,71.46784806251526,0.0020415565461676215,0.0,0.007119026392758149,0.009160582938925771,,,,
4289,0.001,adam,4290,71.47862720489502,0.002034347702890683,0.0,0.005902897715953195,0.007937245418843879,,,,
4290,0.001,adam,4291,71.49000477790833,0.0020279122184971615,0.0,0.007557596802849792,0.009585509021346953,,,,
4291,0.001,adam,4292,71.50458693504333,0.002025154946957761,0.0,0.00882130715030838,0.01084646209726614,,,,
4292,0.001,adam,4293,71.51888537406921,0.0020174982990757337,0.0,0.007731975453066903,0.009749473752142636,,,,
4293,0.001,adam,4294,71.5335967540741,0.0020184562862215474,0.0,0.008115156583663944,0.01013361286988549,,,,
4294,0.001,adam,4295,71.54566240310669,0.0020119905388690648,0.0,0.005149857911304026,0.007161848450173091,,,,
4295,0.001,adam,4296,71.55599594116211,0.002007205827539961,0.0,0.005620536676547959,0.00762774250408792,,,,
4296,0.001,adam,4297,71.56555485725403,0.0020106582018559267,0.0,0.0058025520171625065,0.007813210219018433,,,,
4297,0.001,adam,4298,71.58566284179688,0.002017053465197092,0.0,0.008024093460972406,0.010041146926169498,,,,
4298,0.001,adam,4299,71.609206199646,0.002004643057174345,0.0,0.006302507793928233,0.008307150851102578,,,,
4299,0.001,adam,4300,71.62860608100891,0.0019974946380136847,0.0,0.007401729406139336,0.009399224044153021,0.00877067189650125,0.0,0.005824921304523701,0.01459559320102495
4300,0.001,adam,4301,71.65617823600769,0.0020121847181459023,0.0,0.007792103344965287,0.00980428806311119,,,,
4301,0.001,adam,4302,71.66757559776306,0.0020126203276794046,0.0,0.006308293740463364,0.008320914068142768,,,,
4302,0.001,adam,4303,71.6780297756195,0.0019963975870594566,0.0,0.006135787689761904,0.008132185276821361,,,,
4303,0.001,adam,4304,71.69159841537476,0.0019963910464928574,0.0,0.005826176964295962,0.00782256801078882,,,,
4304,0.001,adam,4305,71.70539736747742,0.002000426947506563,0.0,0.007214584300312944,0.009215011247819507,,,,
4305,0.001,adam,4306,71.71628832817078,0.0020089945375750527,0.0,0.006271584805922645,0.008280579343497697,,,,
4306,0.001,adam,4307,71.73213529586792,0.0020229980897651326,0.0,0.010191064680867872,0.012214062770633005,,,,
4307,0.001,adam,4308,71.74202370643616,0.0020151215632976385,0.0,0.012390281035373353,0.014405402598670992,,,,
4308,0.001,adam,4309,71.75268530845642,0.0020061327530793076,0.0,0.005360893112124024,0.007367025865203332,,,,
4309,0.001,adam,4310,71.78534483909607,0.001999882103600394,0.0,0.0059019637153493966,0.007901845818949791,,,,
4310,0.001,adam,4311,71.79838919639587,0.0019868819559831904,0.0,0.012201160609642742,0.014188042565625933,,,,
4311,0.001,adam,4312,71.80838704109192,0.001993968039669108,0.0,0.015444492394892461,0.01743846043456157,,,,
4312,0.001,adam,4313,71.82126379013062,0.0020031257615156146,0.0,0.01465239552336085,0.016655521284876466,,,,
4313,0.001,adam,4314,71.83101773262024,0.0019862070361650087,0.0,0.0068790656557704884,0.008865272691935497,,,,
4314,0.001,adam,4315,71.84404301643372,0.001977467801960382,0.0,0.006232930982415916,0.008210398784376297,,,,
4315,0.001,adam,4316,71.86346864700317,0.0019976324550257433,0.0,0.009084268608426746,0.01108190106345249,,,,
4316,0.001,adam,4317,71.87362098693848,0.001993781751494502,0.0,0.010061657190032828,0.01205543894152733,,,,
4317,0.001,adam,4318,71.89766669273376,0.002012066395174221,0.0,0.0068324835646625896,0.008844549959836811,,,,
4318,0.001,adam,4319,71.91166305541992,0.001999724883269175,0.0,0.0055981806602697845,0.007597905543538959,,,,
4319,0.001,adam,4320,71.92293906211853,0.002019008351011103,0.0,0.007914183887719467,0.00993319223873057,0.008820559983691956,0.0,0.009139431304860356,0.017959991288552312
4320,0.001,adam,4321,71.94114446640015,0.002022338147619398,0.0,0.00928401914408872,0.011306357291708117,,,,
4321,0.001,adam,4322,71.9545407295227,0.0020204899392670984,0.0,0.0114664680449555,0.013486957984222598,,,,
4322,0.001,adam,4323,71.96394348144531,0.0020038799628495333,0.0,0.004189233647452507,0.00619311361030204,,,,
4323,0.001,adam,4324,71.97571063041687,0.002012898124966151,0.0,0.0075537244798320495,0.009566622604798201,,,,
4324,0.001,adam,4325,71.9879264831543,0.0020023419987995807,0.0,0.010845235681776892,0.012847577680576473,,,,
4325,0.001,adam,4326,71.99850153923035,0.0020062899962312065,0.0,0.01204227171970922,0.014048561715940426,,,,
4326,0.001,adam,4327,72.00796246528625,0.001999284905462305,0.0,0.00937926718985369,0.011378552095315995,,,,
4327,0.001,adam,4328,72.01713132858276,0.0019869963963329014,0.0,0.005258664926152223,0.007245661322485124,,,,
4328,0.001,adam,4329,72.0286214351654,0.002016257313662205,0.0,0.01867270085199062,0.020688958165652825,,,,
4329,0.001,adam,4330,72.04083609580994,0.0020217227431299253,0.0,0.024315948694198085,0.02633767143732801,,,,
4330,0.001,adam,4331,72.05248022079468,0.002047883964281546,0.0,0.022280414004482035,0.024328297968763582,,,,
4331,0.001,adam,4332,72.0787398815155,0.0020132223153682786,0.0,0.013654357700901579,0.015667580016269857,,,,
4332,0.001,adam,4333,72.08850336074829,0.0019939229827643074,0.0,0.0061380869775391565,0.008132009960303464,,,,
4333,0.001,adam,4334,72.09929347038269,0.00199513841851448,0.0,0.009506264960217198,0.011501403378731678,,,,
4334,0.001,adam,4335,72.10874962806702,0.0020121977644835917,0.0,0.012406129910668858,0.01441832767515245,,,,
4335,0.001,adam,4336,72.12488746643066,0.0019988140976024125,0.0,0.010086480829635074,0.012085294927237486,,,,
4336,0.001,adam,4337,72.13626527786255,0.0020089034898365067,0.0,0.008832820899702214,0.010841724389538721,,,,
4337,0.001,adam,4338,72.14935970306396,0.001972996465052273,0.0,0.006655126432246078,0.008628122897298352,,,,
4338,0.001,adam,4339,72.17633891105652,0.002014122683065116,0.0,0.00605308189459911,0.008067204577664227,,,,
4339,0.001,adam,4340,72.18629336357117,0.0019930960292450176,0.0,0.009555408941289974,0.011548504970534992,0.00892171213926315,0.0,0.006170098239840604,0.015091810379103753
4340,0.001,adam,4341,72.2046844959259,0.0019997474266255097,0.0,0.007188687999902481,0.009188435426527992,,,,
4341,0.001,adam,4342,72.21939730644226,0.0020625619517980706,0.0,0.006197775715695264,0.008260337667493334,,,,
4342,0.001,adam,4343,72.23059034347534,0.0020324226082851075,0.0,0.008189750631504445,0.010222173239789552,,,,
4343,0.001,adam,4344,72.24193263053894,0.002012600403536188,0.0,0.008968368826792682,0.01098096923032887,,,,
4344,0.001,adam,4345,72.25166964530945,0.001994283859254849,0.0,0.009099680001006005,0.011093963860260854,,,,
4345,0.001,adam,4346,72.26698565483093,0.0020014453876524216,0.0,0.005509881991122021,0.007511327378774442,,,,
4346,0.001,adam,4347,72.2764003276825,0.001992744737009083,0.0,0.006235608641342438,0.008228353378351521,,,,
4347,0.001,adam,4348,72.28670811653137,0.002005952685587736,0.0,0.006082812155108694,0.008088764840696431,,,,
4348,0.001,adam,4349,72.30347633361816,0.0020169021406169964,0.0,0.006968954680787629,0.008985856821404625,,,,
4349,0.001,adam,4350,72.31421971321106,0.0020235597554613296,0.0,0.005994194280701057,0.008017754036162386,,,,
4350,0.001,adam,4351,72.32407093048096,0.0019923742373322523,0.0,0.006173694552360542,0.008166068789692794,,,,
4351,0.001,adam,4352,72.33598709106445,0.0020055173051451505,0.0,0.005833786328651437,0.007839303633796587,,,,
4352,0.001,adam,4353,72.34669399261475,0.0020247427967130076,0.0,0.004212934208922778,0.006237677005635786,,,,
4353,0.001,adam,4354,72.35593438148499,0.0020055781762269927,0.0,0.006098409112496368,0.008103987288723361,,,,
4354,0.001,adam,4355,72.36615777015686,0.0019999374484838237,0.0,0.005602599053698186,0.0076025365021820095,,,,
4355,0.001,adam,4356,72.38282656669617,0.0020039508214129403,0.0,0.006692893297464359,0.008696844118877299,,,,
4356,0.001,adam,4357,72.39426851272583,0.0019960925984277484,0.0,0.005448644652280116,0.007444737250707864,,,,
4357,0.001,adam,4358,72.40321111679077,0.001983938485701153,0.0,0.008042397781067172,0.010026336266768326,,,,
4358,0.001,adam,4359,72.4134783744812,0.0019729515319718218,0.0,0.005824588197743959,0.00779753972971578,,,,
4359,0.001,adam,4360,72.42479538917542,0.001979769277369831,0.0,0.005296747712553357,0.007276516989923187,0.008880110936469648,0.0,0.0062169194394462845,0.015097030375915933
4360,0.001,adam,4361,72.46618580818176,0.001968861516530077,0.0,0.005428406889642223,0.0073972684061723,,,,
4361,0.001,adam,4362,72.47695803642273,0.0019691814177499323,0.0,0.007105567893705453,0.009074749311455386,,,,
4362,0.001,adam,4363,72.48875617980957,0.001975445678266077,0.0,0.006400519921335432,0.00837596559960151,,,,
4363,0.001,adam,4364,72.50778841972351,0.0019752072066993244,0.0,0.006300802484861097,0.008276009691560421,,,,
4364,0.001,adam,4365,72.52057576179504,0.001982030884775471,0.0,0.008861293274097655,0.010843324158873126,,,,
4365,0.001,adam,4366,72.53079175949097,0.0019905998455786683,0.0,0.007265346270662339,0.009255946116241007,,,,
4366,0.001,adam,4367,72.5403220653534,0.001983644177313692,0.0,0.00878865140885511,0.010772295586168802,,,,
4367,0.001,adam,4368,72.55124235153198,0.0019793260921289672,0.0,0.007431389103436345,0.009410715195565312,,,,
4368,0.001,adam,4369,72.56687474250793,0.0019815080914468725,0.0,0.004504158941761536,0.006485667033208409,,,,
4369,0.001,adam,4370,72.58332943916321,0.00198799805608131,0.0,0.009891488357989166,0.011879486414070477,,,,
4370,0.001,adam,4371,72.59435725212097,0.001996459884210364,0.0,0.005111051161201764,0.007107511045412128,,,,
4371,0.001,adam,4372,72.60556125640869,0.0019984236391583695,0.0,0.00511584786444399,0.00711427150360236,,,,
4372,0.001,adam,4373,72.61680197715759,0.0019970541766108924,0.0,0.004871054933529014,0.006868109110139907,,,,
4373,0.001,adam,4374,72.63197183609009,0.0019888533020001155,0.0,0.021268734678730087,0.0232575879807302,,,,
4374,0.001,adam,4375,72.64226841926575,0.0019884336587147316,0.0,0.0051787848477924505,0.007167218506507182,,,,
4375,0.001,adam,4376,72.65332674980164,0.002003281400803351,0.0,0.006845891778480851,0.008849173179284202,,,,
4376,0.001,adam,4377,72.66668796539307,0.00200176352965662,0.0,0.006731242124206729,0.00873300565386335,,,,
4377,0.001,adam,4378,72.67637085914612,0.0020009544976671892,0.0,0.005176215433729442,0.0071771699313966306,,,,
4378,0.001,adam,4379,72.68811583518982,0.001988834131339455,0.0,0.005164762968364209,0.007153597099703664,,,,
4379,0.001,adam,4380,72.69763231277466,0.002007070058350557,0.0,0.006539838466558359,0.008546908524908916,0.008805004861653646,0.0,0.007466419406627947,0.01627142426828159
4380,0.001,adam,4381,72.72438073158264,0.0019908738793417303,0.0,0.007183714757528445,0.009174588636870176,,,,
4381,0.001,adam,4382,72.74242758750916,0.001986141260068236,0.0,0.008085122506919513,0.01007126376698775,,,,
4382,0.001,adam,4383,72.75458526611328,0.0019715839241759505,0.0,0.005385245518254898,0.007356829442430848,,,,
4383,0.001,adam,4384,72.76634550094604,0.0019951351794336844,0.0,0.005110664011989079,0.007105799191422763,,,,
4384,0.001,adam,4385,72.78263020515442,0.0019808064411524994,0.0,0.005547028468324668,0.007527834909477168,,,,
4385,0.001,adam,4386,72.79853701591492,0.001983055524678005,0.0,0.005069348132569799,0.007052403657247804,,,,
4386,0.001,adam,4387,72.83558058738708,0.001983362783832825,0.0,0.0059170733751950175,0.007900436159027843,,,,
4387,0.001,adam,4388,72.84488415718079,0.001996445286850389,0.0,0.005369914072642991,0.007366359359493381,,,,
4388,0.001,adam,4389,72.8550717830658,0.0019655988405694724,0.0,0.005504377061746377,0.007469975902315849,,,,
4389,0.001,adam,4390,72.87158107757568,0.0019848751631252673,0.0,0.005346884107023832,0.0073317592701490995,,,,
4390,0.001,adam,4391,72.9024908542633,0.001979219510012772,0.0,0.006446995444652677,0.008426214954665449,,,,
4391,0.001,adam,4392,72.91214990615845,0.0019634098008188897,0.0,0.005744344360763453,0.007707754161582343,,,,
4392,0.001,adam,4393,72.92170715332031,0.0019917131379395656,0.0,0.005607347353489149,0.007599060491428715,,,,
4393,0.001,adam,4394,72.93303680419922,0.001986009553061496,0.0,0.005731368540090857,0.007717378093152353,,,,
4394,0.001,adam,4395,72.94241094589233,0.001970326264692784,0.0,0.004702442844440309,0.006672769109133093,,,,
4395,0.001,adam,4396,72.95437240600586,0.0019668167228372945,0.0,0.004650008945190879,0.006616825668028174,,,,
4396,0.001,adam,4397,72.96462965011597,0.001966729970114262,0.0,0.005492646978785215,0.0074593769488994766,,,,
4397,0.001,adam,4398,72.97481322288513,0.0019667942990536993,0.0,0.006739717291442657,0.008706511590496357,,,,
4398,0.001,adam,4399,72.98528575897217,0.001971796411622836,0.0,0.006053212274424207,0.008025008686047042,,,,
4399,0.001,adam,4400,72.99645686149597,0.001969741657810102,0.0,0.0065735714117156115,0.008543313069525714,0.008766822613360608,0.0,0.005896296995623032,0.01466311960898364
4400,0.001,adam,4401,73.02522206306458,0.001977792021616772,0.0,0.011795455164978597,0.013773247186595368,,,,
4401,0.001,adam,4402,73.03423023223877,0.001969166496958529,0.0,0.007803206014897651,0.00977237251185618,,,,
4402,0.001,adam,4403,73.0457353591919,0.001985007886883654,0.0,0.007168356425782905,0.00915336431266656,,,,
4403,0.001,adam,4404,73.0642454624176,0.0020104258213853718,0.0,0.008013648944307476,0.010024074765692847,,,,
4404,0.001,adam,4405,73.07431888580322,0.0019746853132397903,0.0,0.005367702770010717,0.007342388083250507,,,,
4405,0.001,adam,4406,73.08481812477112,0.001972542901282892,0.0,0.009552488952910082,0.011525031854192975,,,,
4406,0.001,adam,4407,73.10223507881165,0.0020018388426590547,0.0,0.008680761608006812,0.010682600450665866,,,,
4407,0.001,adam,4408,73.11300945281982,0.001985656993496021,0.0,0.00771628827998494,0.00970194527348096,,,,
4408,0.001,adam,4409,73.12364077568054,0.0019672771924249656,0.0,0.009713476769882603,0.011680753962307569,,,,
4409,0.001,adam,4410,73.13436365127563,0.0019630298640013226,0.0,0.005106409936281206,0.007069439800282529,,,,
4410,0.001,adam,4411,73.14569878578186,0.0019776717756893915,0.0,0.009262020622596095,0.011239692398285487,,,,
4411,0.001,adam,4412,73.15730094909668,0.001974038572827707,0.0,0.008283974155048043,0.01025801272787575,,,,
4412,0.001,adam,4413,73.16768622398376,0.0019681989928536795,0.0,0.0065655862377431064,0.008533785230596787,,,,
4413,0.001,adam,4414,73.17911529541016,0.00197528850044111,0.0,0.005557993911761,0.00753328241220211,,,,
4414,0.001,adam,4415,73.19150042533875,0.001973879010581039,0.0,0.0068314220452987354,0.008805301055879775,,,,
4415,0.001,adam,4416,73.20196199417114,0.001978361273765893,0.0,0.0061969062939742844,0.008175267567740178,,,,
4416,0.001,adam,4417,73.2125129699707,0.0019744360074426684,0.0,0.007257797712731083,0.009232233720173752,,,,
4417,0.001,adam,4418,73.2269082069397,0.0019940713523281814,0.0,0.008570069272866968,0.010564140625195149,,,,
4418,0.001,adam,4419,73.23748564720154,0.0019587932090059184,0.0,0.008140379568231255,0.010099172777237174,,,,
4419,0.001,adam,4420,73.24658131599426,0.001968646774557588,0.0,0.00830691166294387,0.010275558437501458,0.008678347632332847,0.0,0.00875518431799662,0.017433531950329467
4420,0.001,adam,4421,73.2684338092804,0.001985433835633557,0.0,0.007497916804151142,0.009483350639784699,,,,
4421,0.001,adam,4422,73.29069256782532,0.0019693565760071654,0.0,0.005776708519783227,0.007746065095790393,,,,
4422,0.001,adam,4423,73.30301332473755,0.001962329036648449,0.0,0.009248589191503164,0.011210918228151612,,,,
4423,0.001,adam,4424,73.31336116790771,0.0019757330263386894,0.0,0.01034657457218321,0.0123223075985219,,,,
4424,0.001,adam,4425,73.32386612892151,0.0019684703852233584,0.0,0.00846424688013573,0.010432717265359088,,,,
4425,0.001,adam,4426,73.3349301815033,0.0019581159972374743,0.0,0.005826943458429626,0.0077850594556671,,,,
4426,0.001,adam,4427,73.34901332855225,0.001967657234545063,0.0,0.009999431779229035,0.011967089013774098,,,,
4427,0.001,adam,4428,73.37489676475525,0.0019677762991449628,0.0,0.01682337783658242,0.01879115413572738,,,,
4428,0.001,adam,4429,73.38416934013367,0.0019986292086979244,0.0,0.029039661199489097,0.031038290408187022,,,,
4429,0.001,adam,4430,73.39476728439331,0.0019837314365547722,0.0,0.023066854071133097,0.02505058550768787,,,,
4430,0.001,adam,4431,73.4116632938385,0.0019925134798690607,0.0,0.013072898710006586,0.015065412189875647,,,,
4431,0.001,adam,4432,73.42251253128052,0.001993433711945297,0.0,0.006464935251827836,0.008458368963773133,,,,
4432,0.001,adam,4433,73.43279099464417,0.0019791309298954674,0.0,0.013396989318313646,0.015376120248209113,,,,
4433,0.001,adam,4434,73.447185754776,0.001978954870843756,0.0,0.010861808396135977,0.012840763266979733,,,,
4434,0.001,adam,4435,73.4592695236206,0.0019949718432644478,0.0,0.005450407288753975,0.0074453791320184225,,,,
4435,0.001,adam,4436,73.47598123550415,0.002009036771300659,0.0,0.00781356279716458,0.00982259956846524,,,,
4436,0.001,adam,4437,73.48685312271118,0.0019606162981250144,0.0,0.009201402816083061,0.011162019114208076,,,,
4437,0.001,adam,4438,73.49792718887329,0.0019689293942790646,0.0,0.013899585858584593,0.015868515252863657,,,,
4438,0.001,adam,4439,73.51551556587219,0.0020627167656070565,0.0,0.013133630807185345,0.015196347572792401,,,,
4439,0.001,adam,4440,73.53296661376953,0.002060835734651366,0.0,0.008485412920751391,0.010546248655402757,0.008757073072497571,0.0,0.005990930161568063,0.014748003234065634
4440,0.001,adam,4441,73.55755853652954,0.001965999413472735,0.0,0.006274572213945175,0.00824057162741791,,,,
4441,0.001,adam,4442,73.56884694099426,0.001982669985723569,0.0,0.011949167229053797,0.013931837214777365,,,,
4442,0.001,adam,4443,73.57838439941406,0.0020328927924983388,0.0,0.013809481607270135,0.015842374399768475,,,,
4443,0.001,adam,4444,73.5924425125122,0.0019837284551890606,0.0,0.008303725361073606,0.010287453816262667,,,,
4444,0.001,adam,4445,73.6062400341034,0.0019290040090049003,0.0,0.015241058488469739,0.017170062497474638,,,,
4445,0.001,adam,4446,73.61666202545166,0.0019627124458467845,0.0,0.02008228686307712,0.022044999308923906,,,,
4446,0.001,adam,4447,73.62891960144043,0.0019851928457956833,0.0,0.018959812288129006,0.02094500513392469,,,,
4447,0.001,adam,4448,73.64432525634766,0.001955088746064231,0.0,0.008606245875320582,0.010561334621384814,,,,
4448,0.001,adam,4449,73.65685033798218,0.0019592912477507537,0.0,0.010860275961374347,0.012819567209125101,,,,
4449,0.001,adam,4450,73.66706728935242,0.0019850973206778323,0.0,0.021299544629068013,0.023284641949745846,,,,
4450,0.001,adam,4451,73.67816209793091,0.0019806274328939117,0.0,0.030034287383524944,0.032014914816418855,,,,
4451,0.001,adam,4452,73.68852543830872,0.0019329150910197207,0.0,0.016257140307027414,0.018190055398047134,,,,
4452,0.001,adam,4453,73.70655393600464,0.0020053627991005077,0.0,0.011295379182815946,0.013300741981916454,,,,
4453,0.001,adam,4454,73.71589589118958,0.002018294834280942,0.0,0.01366415571773324,0.01568245055201418,,,,
4454,0.001,adam,4455,73.729332447052,0.0019978105106835493,0.0,0.02129523746573308,0.02329304797641663,,,,
4455,0.001,adam,4456,73.7420380115509,0.0019373946778125874,0.0,0.01129956209606478,0.013236956773877368,,,,
4456,0.001,adam,4457,73.75431156158447,0.0019605408646548353,0.0,0.007118111743137317,0.009078652607792153,,,,
4457,0.001,adam,4458,73.76416444778442,0.002013082821105816,0.0,0.013078368728536443,0.01509145154964226,,,,
4458,0.001,adam,4459,73.7750084400177,0.001981280394884167,0.0,0.014365685490805708,0.016346965885689874,,,,
4459,0.001,adam,4460,73.78561568260193,0.0019365436739646389,0.0,0.008412257759619596,0.010348801433584234,0.008754777159879002,0.0,0.006555165782164436,0.015309942942043438
4460,0.001,adam,4461,73.80337810516357,0.0019015213236421083,0.0,0.005221576892722617,0.007123098216364725,,,,
4461,0.001,adam,4462,73.81330299377441,0.0019226005749242731,0.0,0.007113352519707123,0.009035953094631396,,,,
4462,0.001,adam,4463,73.83157849311829,0.001938162001536315,0.0,0.004392400564283104,0.006330562565819419,,,,
4463,0.001,adam,4464,73.84409785270691,0.0019297984719458137,0.0,0.022595456586159024,0.024525255058104836,,,,
4464,0.001,adam,4465,73.85404348373413,0.0019235545944832702,0.0,0.0067680515910851615,0.008691606185568431,,,,
4465,0.001,adam,4466,73.8705952167511,0.0019273652000799666,0.0,0.006386260183673208,0.008313625383753175,,,,
4466,0.001,adam,4467,73.88380742073059,0.0019149648868495184,0.0,0.005674772374707702,0.00758973726155722,,,,
4467,0.001,adam,4468,73.89518189430237,0.001913974426056923,0.0,0.006709404991338108,0.008623379417395032,,,,
4468,0.001,adam,4469,73.9097728729248,0.0019253513112376956,0.0,0.006331369158585153,0.008256720469822848,,,,
4469,0.001,adam,4470,73.92164945602417,0.0019548517031247738,0.0,0.01003807497891041,0.011992926682035185,,,,
4470,0.001,adam,4471,73.93430495262146,0.0019408837687421596,0.0,0.005839824765530407,0.007780708534272566,,,,
4471,0.001,adam,4472,73.95292711257935,0.0019354808270633502,0.0,0.01163637494844768,0.01357185577551103,,,,
4472,0.001,adam,4473,73.9663314819336,0.0019396678461534437,0.0,0.008023403617010639,0.009963071463164082,,,,
4473,0.001,adam,4474,73.97816896438599,0.0019387868204796366,0.0,0.0059953045430941295,0.007934091363573766,,,,
4474,0.001,adam,4475,73.99458384513855,0.0019174328709318578,0.0,0.00604054220636017,0.007957975077292028,,,,
4475,0.001,adam,4476,74.01255559921265,0.0019155911933808575,0.0,0.007935799361635151,0.009851390555016009,,,,
4476,0.001,adam,4477,74.02470541000366,0.0019244850526947844,0.0,0.006585505623909349,0.008509990676604132,,,,
4477,0.001,adam,4478,74.03574776649475,0.0019510655943537195,0.0,0.005922921890217181,0.0078739874845709,,,,
4478,0.001,adam,4479,74.04936385154724,0.0019720534462994476,0.0,0.00675367300078226,0.008725726447081708,,,,
4479,0.001,adam,4480,74.05998969078064,0.0019432158256308483,0.0,0.005934797426272757,0.007878013251903605,0.008737966129645293,0.0,0.006509822581085814,0.015247788710731108
4480,0.001,adam,4481,74.0859158039093,0.001928193498887038,0.0,0.005571189614170418,0.007499383113057456,,,,
4481,0.001,adam,4482,74.09634685516357,0.001989847577556999,0.0,0.005705178066591146,0.007695025644148145,,,,
4482,0.001,adam,4483,74.10740828514099,0.0020518750936627437,0.0,0.006770692051073587,0.00882256714473633,,,,
4483,0.001,adam,4484,74.1215877532959,0.0019838781854112615,0.0,0.007377461427652493,0.009361339613063756,,,,
4484,0.001,adam,4485,74.13560247421265,0.001953391630977679,0.0,0.00421591205652237,0.006169303687500049,,,,
4485,0.001,adam,4486,74.14530324935913,0.0019916789539503174,0.0,0.005494970751577628,0.007486649705527946,,,,
4486,0.001,adam,4487,74.16296029090881,0.0020025738009862033,0.0,0.005290483764393553,0.007293057565379756,,,,
4487,0.001,adam,4488,74.17851376533508,0.0019502247922263966,0.0,0.012995271446831314,0.01494549623905771,,,,
4488,0.001,adam,4489,74.1907057762146,0.0019246896550721671,0.0,0.005014787919296334,0.006939477574368501,,,,
4489,0.001,adam,4490,74.20248508453369,0.001942049399125318,0.0,0.0048471550920793,0.006789204491204618,,,,
4490,0.001,adam,4491,74.21217489242554,0.0019700866256405726,0.0,0.0053691780662918605,0.007339264691932433,,,,
4491,0.001,adam,4492,74.2238461971283,0.001960873205985904,0.0,0.029845085988164672,0.03180595919415058,,,,
4492,0.001,adam,4493,74.26156997680664,0.001945531952569126,0.0,0.005025628225065769,0.006971160177634895,,,,
4493,0.001,adam,4494,74.27657508850098,0.001941517643237039,0.0,0.00945016103096023,0.011391678674197268,,,,
4494,0.001,adam,4495,74.28835701942444,0.001951149803097739,0.0,0.00680483983055513,0.008755989633652869,,,,
4495,0.001,adam,4496,74.30920004844666,0.0019416143328385132,0.0,0.005277659804522664,0.0072192741373611775,,,,
4496,0.001,adam,4497,74.34416818618774,0.001931942117757748,0.0,0.006036537573418226,0.007968479691175975,,,,
4497,0.001,adam,4498,74.36158156394958,0.0019346154880928578,0.0,0.008715892028771583,0.010650507516864442,,,,
4498,0.001,adam,4499,74.37167143821716,0.0019355957388691746,0.0,0.007296981146740657,0.009232576885609831,,,,
4499,0.001,adam,4500,74.38200116157532,0.001943865317425837,0.0,0.00847474539266874,0.010418610710094577,0.008739358701966458,0.0,0.006565716539283531,0.01530507524124999
4500,0.001,adam,4501,74.40259385108948,0.001933068286975874,0.0,0.007629178030581936,0.00956224631755781,,,,
4501,0.001,adam,4502,74.41446232795715,0.0019428219637846686,0.0,0.0059969918718996845,0.007939813835684354,,,,
4502,0.001,adam,4503,74.42610192298889,0.0019611957110134788,0.0,0.0064221736073543315,0.00838336931836781,,,,
4503,0.001,adam,4504,74.43703603744507,0.0019409164321005303,0.0,0.0067640496349787044,0.008704966067079234,,,,
4504,0.001,adam,4505,74.447190284729,0.0019610203333350687,0.0,0.005974393061559833,0.007935413394894902,,,,
4505,0.001,adam,4506,74.45899677276611,0.0019547912440807213,0.0,0.008033249314099242,0.009988040558179964,,,,
4506,0.001,adam,4507,74.47083973884583,0.001925989686830115,0.0,0.004115191318659844,0.006041181005489959,,,,
4507,0.001,adam,4508,74.48185205459595,0.001950706215187768,0.0,0.006951146867351242,0.00890185308253901,,,,
4508,0.001,adam,4509,74.492924451828,0.001954789444796238,0.0,0.005570736762593438,0.007525526207389676,,,,
4509,0.001,adam,4510,74.50273251533508,0.0019230862274805841,0.0,0.006823895751682824,0.008746981979163408,,,,
4510,0.001,adam,4511,74.51747417449951,0.0019315766975848794,0.0,0.006297165406456947,0.008228742104041826,,,,
4511,0.001,adam,4512,74.52868509292603,0.0019261646450052195,0.0,0.007459633117815281,0.0093857977628205,,,,
4512,0.001,adam,4513,74.53914165496826,0.0019230504721859858,0.0,0.008008047363665487,0.009931097835851473,,,,
4513,0.001,adam,4514,74.54847073554993,0.0019219940868195834,0.0,0.008040131116397209,0.009962125203216793,,,,
4514,0.001,adam,4515,74.560218334198,0.0019162701511488823,0.0,0.2071944257265325,0.20911069587768136,,,,
4515,0.001,adam,4516,74.57194566726685,0.001932879872485873,0.0,0.004837068297369157,0.00676994816985503,,,,
4516,0.001,adam,4517,74.58247995376587,0.0019480880343635014,0.0,0.007136356141706765,0.009084444176070267,,,,
4517,0.001,adam,4518,74.59510350227356,0.0019280405904502046,0.0,0.009617708016286678,0.011545748606736883,,,,
4518,0.001,adam,4519,74.60588455200195,0.0019215006898678766,0.0,0.013755354904648548,0.015676855594516426,,,,
4519,0.001,adam,4520,74.61689567565918,0.0019347716184850078,0.0,0.01023293231691898,0.012167703935403989,0.008524269444607106,0.0,0.006440327988602714,0.014964597433209818
4520,0.001,adam,4521,74.6364803314209,0.0019228320978726678,0.0,0.007129211791481185,0.009052043889353854,,,,
4521,0.001,adam,4522,74.64681220054626,0.0019173382787733334,0.0,0.006674025963379926,0.00859136424215326,,,,
4522,0.001,adam,4523,74.65839838981628,0.001936456947017457,0.0,0.009139906942014622,0.01107636388903208,,,,
4523,0.001,adam,4524,74.66836881637573,0.0019364951825123172,0.0,0.012051893328533963,0.01398838851104628,,,,
4524,0.001,adam,4525,74.6797730922699,0.001924067977196298,0.0,0.007848507487655629,0.009772575464851926,,,,
4525,0.001,adam,4526,74.68953251838684,0.0019273947398351459,0.0,0.00534014790357472,0.007267542643409866,,,,
4526,0.001,adam,4527,74.70268702507019,0.0019354332618882577,0.0,0.006169663460705937,0.008105096722594194,,,,
4527,0.001,adam,4528,74.71540141105652,0.0019024869217505885,0.0,0.010293330939527473,0.012195817861278062,,,,
4528,0.001,adam,4529,74.72989082336426,0.0019032968354197898,0.0,0.01011841045781601,0.0120217072932358,,,,
4529,0.001,adam,4530,74.74315857887268,0.0019223014859835836,0.0,0.0077586854931664725,0.009680986979150055,,,,
4530,0.001,adam,4531,74.75682640075684,0.001918994862577328,0.0,0.006136206124459481,0.008055200987036808,,,,
4531,0.001,adam,4532,74.76654696464539,0.0018988977599764037,0.0,0.00611306558763147,0.008011963347607873,,,,
4532,0.001,adam,4533,74.7791383266449,0.0019082140768741653,0.0,0.007899082229482424,0.00980729630635659,,,,
4533,0.001,adam,4534,74.79192090034485,0.001923115459320222,0.0,0.007840893349971342,0.009764008809291564,,,,
4534,0.001,adam,4535,74.80569744110107,0.0019331629123661713,0.0,0.005334291587485236,0.007267454499851408,,,,
4535,0.001,adam,4536,74.81637716293335,0.001949868674872782,0.0,0.00945310742049567,0.011402976095368451,,,,
4536,0.001,adam,4537,74.82996892929077,0.0019248244086912726,0.0,0.005096812212981279,0.0070216366216725515,,,,
4537,0.001,adam,4538,74.84015226364136,0.0019471719788134738,0.0,0.008297366832381817,0.01024453881119529,,,,
4538,0.001,adam,4539,74.85015392303467,0.001938300897455504,0.0,0.007090647264502478,0.009028948161957982,,,,
4539,0.001,adam,4540,74.86479568481445,0.0019106051258850649,0.0,0.005604260877088171,0.007514866002973236,0.008706501097834976,0.0,0.008894659719854477,0.017601160817689455
4540,0.001,adam,4541,74.88756918907166,0.0019233221014422852,0.0,0.01056331540166107,0.012486637503103354,,,,
4541,0.001,adam,4542,74.89924502372742,0.0019105312518558407,0.0,0.016806230040223392,0.018716761292079234,,,,
4542,0.001,adam,4543,74.9123797416687,0.0019138010120870687,0.0,0.010399272850948816,0.012313073863035885,,,,
4543,0.001,adam,4544,74.92378354072571,0.0019091970627034475,0.0,0.008611346696378091,0.01052054375908154,,,,
4544,0.001,adam,4545,74.93773937225342,0.0019170724870664572,0.0,0.006486080312659034,0.008403152799725491,,,,
4545,0.001,adam,4546,74.95070672035217,0.001923525734550248,0.0,0.016182251765127272,0.01810577749967752,,,,
4546,0.001,adam,4547,74.96379280090332,0.001938012776588046,0.0,0.019106959115559586,0.021044971892147633,,,,
4547,0.001,adam,4548,74.98054504394531,0.001930299216983961,0.0,0.01211784066452356,0.014048139881507521,,,,
4548,0.001,adam,4549,74.99337553977966,0.0019308556381858672,0.0,0.00654610890390746,0.008476964542093327,,,,
4549,0.001,adam,4550,75.00356340408325,0.0019223905572857347,0.0,0.006439362080218815,0.00836175263750455,,,,
4550,0.001,adam,4551,75.01955056190491,0.0019246452502765053,0.0,0.00931247214846409,0.011237117398740596,,,,
4551,0.001,adam,4552,75.0318775177002,0.001943115594111221,0.0,0.008649257809909461,0.010592373404020682,,,,
4552,0.001,adam,4553,75.04199075698853,0.0019488313779795093,0.0,0.006421892802749353,0.008370724180728862,,,,
4553,0.001,adam,4554,75.05415749549866,0.001925806628388502,0.0,0.00602968499375538,0.007955491622143882,,,,
4554,0.001,adam,4555,75.06693530082703,0.0019238115382855445,0.0,0.00794667318815919,0.009870484726444733,,,,
4555,0.001,adam,4556,75.09226679801941,0.001912202118976678,0.0,0.00852528929406321,0.010437491413039887,,,,
4556,0.001,adam,4557,75.10793209075928,0.0019042170753487025,0.0,0.009005880901736383,0.010910097977085085,,,,
4557,0.001,adam,4558,75.11869311332703,0.0018858731612414305,0.0,0.005216578253224498,0.007102451414465929,,,,
4558,0.001,adam,4559,75.12863516807556,0.0019208376965336009,0.0,0.007425877916353897,0.009346715612887498,,,,
4559,0.001,adam,4560,75.14587497711182,0.001926758117497595,0.0,0.008920700433244912,0.010847458550742508,0.008656015969905428,0.0,0.007808803179791349,0.016464819149696778
4560,0.001,adam,4561,75.16610169410706,0.0019241112484294262,0.0,0.009017361009685091,0.010941472258114517,,,,
4561,0.001,adam,4562,75.18929982185364,0.0019023170625624584,0.0,0.004882003709600102,0.00678432077216256,,,,
4562,0.001,adam,4563,75.21583414077759,0.0019083946808670863,0.0,0.007832615123988316,0.009741009804855401,,,,
4563,0.001,adam,4564,75.22650814056396,0.0019267281586803579,0.0,0.010267375375479304,0.012194103534159662,,,,
4564,0.001,adam,4565,75.23754525184631,0.0019413332685081323,0.0,0.005905659669702542,0.007846992938210675,,,,
4565,0.001,adam,4566,75.25002098083496,0.0019052960521339637,0.0,0.005433999946026355,0.007339295998160318,,,,
4566,0.001,adam,4567,75.25956583023071,0.0018971085765839791,0.0,0.011127802399409595,0.013024910975993575,,,,
4567,0.001,adam,4568,75.2734112739563,0.001927764854745882,0.0,0.017412948360903947,0.019340713215649827,,,,
4568,0.001,adam,4569,75.28941679000854,0.0018940432101721804,0.0,0.012665061957213905,0.014559105167386085,,,,
4569,0.001,adam,4570,75.30015254020691,0.001868565391955616,0.0,0.00911431344031558,0.010982878832271196,,,,
4570,0.001,adam,4571,75.31140565872192,0.001877870851083714,0.0,0.006941111272802293,0.008818982123886007,,,,
4571,0.001,adam,4572,75.32189798355103,0.001906525579368544,0.0,0.011931905614748939,0.013838431194117483,,,,
4572,0.001,adam,4573,75.33274745941162,0.0018947771928190986,0.0,0.010775916806949828,0.012670693999768928,,,,
4573,0.001,adam,4574,75.34268379211426,0.0018946660212136954,0.0,0.008874891000430265,0.01076955702164396,,,,
4574,0.001,adam,4575,75.35307049751282,0.0018942529007964163,0.0,0.005541126855166854,0.007435379755963271,,,,
4575,0.001,adam,4576,75.362473487854,0.0019095438263732327,0.0,0.00889203744323993,0.010801581269613163,,,,
4576,0.001,adam,4577,75.37750816345215,0.0018879254832821731,0.0,0.0071106146377183,0.008998540121000473,,,,
4577,0.001,adam,4578,75.38857913017273,0.0018984357372682334,0.0,0.011664025173257037,0.01356246091052527,,,,
4578,0.001,adam,4579,75.3984739780426,0.0019055827136364052,0.0,0.006242371552160935,0.00814795426579734,,,,
4579,0.001,adam,4580,75.41140818595886,0.0019171500616405248,0.0,0.0071683843289299266,0.009085534390570452,0.008707857504670931,0.0,0.005896925732970175,0.014604783237641106
4580,0.001,adam,4581,75.43011832237244,0.001897864842663788,0.0,0.006564563111310648,0.008462427953974436,,,,
4581,0.001,adam,4582,75.43990111351013,0.0019118177542019686,0.0,0.00982343486319574,0.011735252617397707,,,,
4582,0.001,adam,4583,75.45650458335876,0.0019123877475504907,0.0,0.00981325762775311,0.0117256453753036,,,,
4583,0.001,adam,4584,75.4660050868988,0.0019453471495564517,0.0,0.0103708914807286,0.012316238630285052,,,,
4584,0.001,adam,4585,75.47844386100769,0.0018959238687589843,0.0,0.00776914796885488,0.009665071837613864,,,,
4585,0.001,adam,4586,75.49812841415405,0.0018850778184869204,0.0,0.0063918811503553274,0.008276958968842247,,,,
4586,0.001,adam,4587,75.50903058052063,0.0019372497781609726,0.0,0.012131082118250345,0.014068331896411317,,,,
4587,0.001,adam,4588,75.51813173294067,0.0019745617888356536,0.0,0.013499711654654226,0.01547427344348988,,,,
4588,0.001,adam,4589,75.53065514564514,0.0019639791081985285,0.0,0.017479583009985537,0.019443562118184064,,,,
4589,0.001,adam,4590,75.5407190322876,0.0019218350472770894,0.0,0.0103549582568717,0.012276793304148789,,,,
4590,0.001,adam,4591,75.55121898651123,0.0019678343308199026,0.0,0.024072760046531298,0.0260405943773512,,,,
4591,0.001,adam,4592,75.56136536598206,0.0019372061366102159,0.0,0.007542750324144759,0.009479956460754975,,,,
4592,0.001,adam,4593,75.57777857780457,0.0019266206707148795,0.0,0.01592795184821725,0.01785457251893213,,,,
4593,0.001,adam,4594,75.58788132667542,0.0019145932262663837,0.0,0.011089207837252818,0.013003801063519201,,,,
4594,0.001,adam,4595,75.60026502609253,0.0019036963973194472,0.0,0.009235305544162385,0.011139001941481833,,,,
4595,0.001,adam,4596,75.611576795578,0.0018840527278241527,0.0,0.0063135677387348476,0.008197620466559,,,,
4596,0.001,adam,4597,75.62435698509216,0.001887503411299096,0.0,0.004947810235717759,0.006835313647016855,,,,
4597,0.001,adam,4598,75.63567352294922,0.001912707448148915,0.0,0.0072547148806242304,0.009167422328773146,,,,
4598,0.001,adam,4599,75.6471495628357,0.0019029224756371354,0.0,0.006077508530546576,0.007980431006183711,,,,
4599,0.001,adam,4600,75.65803670883179,0.001902600979740996,0.0,0.0066216268342623105,0.008524227814003306,0.008605650200341248,0.0,0.005292884613535594,0.013898534813876842
4600,0.001,adam,4601,75.67751789093018,0.0019019720486937197,0.0,0.00811412546429818,0.010016097512991899,,,,
4601,0.001,adam,4602,75.6867687702179,0.0019130246315130549,0.0,0.007737071060250425,0.00965009569176348,,,,
4602,0.001,adam,4603,75.69760251045227,0.0019069426486036662,0.0,0.00558702851098915,0.007493971159592817,,,,
4603,0.001,adam,4604,75.70692300796509,0.0019307768413524716,0.0,0.006020387771454754,0.007951164612807225,,,,
4604,0.001,adam,4605,75.71687531471252,0.0019393416715969831,0.0,0.004617625380852952,0.006556967052449935,,,,
4605,0.001,adam,4606,75.72805213928223,0.0019203148276038537,0.0,0.004789766064926105,0.006710080892529959,,,,
4606,0.001,adam,4607,75.73839855194092,0.0019106701933517553,0.0,0.0051534918470621995,0.007064162040413955,,,,
4607,0.001,adam,4608,75.74866271018982,0.0019220673994986726,0.0,0.0053493390226377596,0.007271406422136432,,,,
4608,0.001,adam,4609,75.76112151145935,0.0019124350832127124,0.0,0.0044783228998963535,0.006390757983109066,,,,
4609,0.001,adam,4610,75.77075719833374,0.0018935496581795651,0.0,0.0050026072518545555,0.006896156910034121,,,,
4610,0.001,adam,4611,75.78300356864929,0.0018806893725686756,0.0,0.004653999303969486,0.006534688676538161,,,,
4611,0.001,adam,4612,75.79589819908142,0.0018870518261126016,0.0,0.006767121706277472,0.008654173532390074,,,,
4612,0.001,adam,4613,75.80672693252563,0.001903640558715317,0.0,0.005169791226125508,0.007073431784840825,,,,
4613,0.001,adam,4614,75.84305334091187,0.001894334934734152,0.0,0.005218803648364819,0.007113138583098971,,,,
4614,0.001,adam,4615,75.85397815704346,0.001874132713432111,0.0,0.005030461805303202,0.0069045945187353125,,,,
4615,0.001,adam,4616,75.8678970336914,0.001872227766613546,0.0,0.0063745939999579225,0.00824682176657147,,,,
4616,0.001,adam,4617,75.8800597190857,0.0018722814218617883,0.0,0.0069114700068789465,0.008783751428740735,,,,
4617,0.001,adam,4618,75.88907933235168,0.0018763254987051955,0.0,0.006655313292674816,0.008531638791380011,,,,
4618,0.001,adam,4619,75.89840483665466,0.0018752753835824401,0.0,0.004991687820876124,0.006866963204458564,,,,
4619,0.001,adam,4620,75.92206740379333,0.0018728585593410587,0.0,0.0059847352722329486,0.007857593831574007,0.008677389824222897,0.0,0.008835945578491733,0.01751333540271463
4620,0.001,adam,4621,75.9491593837738,0.0018924818025240202,0.0,0.008927298250313104,0.010819780052837125,,,,
4621,0.001,adam,4622,75.9600477218628,0.0018712465689460886,0.0,0.006763346041620977,0.008634592610567066,,,,
4622,0.001,adam,4623,75.97737646102905,0.001868711140445925,0.0,0.006772617726455951,0.008641328866901875,,,,
4623,0.001,adam,4624,75.98843431472778,0.0018775282201350834,0.0,0.006995553640353267,0.00887308186048835,,,,
4624,0.001,adam,4625,75.99936723709106,0.001865477655648626,0.0,0.008723280902290926,0.010588758557939552,,,,
4625,0.001,adam,4626,76.0100028514862,0.0018755871493387312,0.0,0.010189816654153356,0.012065403803492088,,,,
4626,0.001,adam,4627,76.02498602867126,0.001890667252785715,0.0,0.006195552948110457,0.008086220200896173,,,,
4627,0.001,adam,4628,76.0391538143158,0.001902986357981994,0.0,0.009394087538437313,0.011297073896419306,,,,
4628,0.001,adam,4629,76.05284643173218,0.0018963937260805714,0.0,0.01657871447929895,0.01847510820537952,,,,
4629,0.001,adam,4630,76.06264042854309,0.0018824239528795522,0.0,0.024239568867721013,0.026121992820600563,,,,
4630,0.001,adam,4631,76.07312822341919,0.0018822117584111815,0.0,0.01070203421289972,0.0125842459713109,,,,
4631,0.001,adam,4632,76.08465933799744,0.0018810634153099024,0.0,0.006809052926807765,0.008690116342117669,,,,
4632,0.001,adam,4633,76.10217046737671,0.001878164094670013,0.0,0.01466259463759088,0.016540758732260893,,,,
4633,0.001,adam,4634,76.12975096702576,0.001884274144969469,0.0,0.02029262086948431,0.022176895014453777,,,,
4634,0.001,adam,4635,76.14225196838379,0.0018831328042643164,0.0,0.012582298146919968,0.014465430951184284,,,,
4635,0.001,adam,4636,76.15839529037476,0.001878491238087424,0.0,0.0063581830913423424,0.008236674329429766,,,,
4636,0.001,adam,4637,76.18586993217468,0.0018894576087551951,0.0,0.018044925185904587,0.019934382794659783,,,,
4637,0.001,adam,4638,76.19577360153198,0.00185875157703183,0.0,0.01579049221982877,0.0176492437968606,,,,
4638,0.001,adam,4639,76.20622062683105,0.0018526666369813706,0.0,0.008700173074854161,0.010552839711835533,,,,
4639,0.001,adam,4640,76.21955561637878,0.0018552931502779464,0.0,0.005005920651341925,0.006861213801619872,0.008501349050124465,0.0,0.007240891423834722,0.01574224047395919
4640,0.001,adam,4641,76.24797487258911,0.0018650789576685996,0.0,0.008136253035696109,0.010001331993364709,,,,
4641,0.001,adam,4642,76.26040124893188,0.0018651009068074366,0.0,0.007580620389759945,0.009445721296567382,,,,
4642,0.001,adam,4643,76.27608156204224,0.0018535148077222562,0.0,0.006505164766538058,0.008358679574260314,,,,
4643,0.001,adam,4644,76.28776621818542,0.0018459393150090612,0.0,0.0070264595933239166,0.008872398908332978,,,,
4644,0.001,adam,4645,76.3004879951477,0.001847557632232546,0.0,0.007211183310415199,0.009058740942647745,,,,
4645,0.001,adam,4646,76.31059098243713,0.0018501237620570552,0.0,0.0041852016873061455,0.0060353254493632005,,,,
4646,0.001,adam,4647,76.322434425354,0.001898153075486258,0.0,0.007542776591394999,0.009440929666881257,,,,
4647,0.001,adam,4648,76.33700442314148,0.0018879243093625246,0.0,0.0045599439665438505,0.006447868275906375,,,,
4648,0.001,adam,4649,76.34727048873901,0.0018629998806773912,0.0,0.0036077904016677377,0.005470790282345129,,,,
4649,0.001,adam,4650,76.35668015480042,0.0018641978040157933,0.0,0.006288445140656777,0.008152642944672571,,,,
4650,0.001,adam,4651,76.37344551086426,0.0018767119707065042,0.0,0.004445319229193524,0.0063220311999000285,,,,
4651,0.001,adam,4652,76.40053248405457,0.0018740691034100124,0.0,0.004685555576977159,0.006559624680387171,,,,
4652,0.001,adam,4653,76.41383361816406,0.0018619874909885908,0.0,0.005072816788700867,0.0069348042796894575,,,,
4653,0.001,adam,4654,76.42432141304016,0.00187041096843147,0.0,0.0036071934450956156,0.0054776044135270855,,,,
4654,0.001,adam,4655,76.43699908256531,0.0018585424055956726,0.0,0.004098891018292026,0.005957433423887699,,,,
4655,0.001,adam,4656,76.44907593727112,0.0018576761674710875,0.0,0.003458931483084582,0.005316607650555669,,,,
4656,0.001,adam,4657,76.4867992401123,0.0018614342341652524,0.0,0.00644799953629652,0.008309433770461772,,,,
4657,0.001,adam,4658,76.50416231155396,0.0018748337574148062,0.0,0.005497343974092528,0.0073721777315073345,,,,
4658,0.001,adam,4659,76.52028846740723,0.001872607844463068,0.0,0.007828963575585577,0.009701571420048644,,,,
4659,0.001,adam,4660,76.53784203529358,0.0018655425241216627,0.0,0.0132922592921044,0.015157801816226063,0.008568365580104806,0.0,0.005172459193508923,0.013740824773613729
4660,0.001,adam,4661,76.56585311889648,0.001878091397491541,0.0,0.005052235362703025,0.006930326760194566,,,,
4661,0.001,adam,4662,76.57806158065796,0.001865160095253005,0.0,0.006297460689852916,0.00816262078510592,,,,
4662,0.001,adam,4663,76.58930373191833,0.0018555096116517952,0.0,0.05912365959466449,0.06097916920631629,,,,
4663,0.001,adam,4664,76.59969758987427,0.0018469550260445196,0.0,0.005163447825515049,0.007010402851559569,,,,
4664,0.001,adam,4665,76.6098883152008,0.001852681485666985,0.0,0.009108157470423522,0.010960838956090506,,,,
4665,0.001,adam,4666,76.61956644058228,0.001854696370111959,0.0,0.011019586797697906,0.012874283167809865,,,,
4666,0.001,adam,4667,76.62917280197144,0.001867237287718748,0.0,0.0052649588143686595,0.0071321961020874075,,,,
4667,0.001,adam,4668,76.64386463165283,0.0018829730251278738,0.0,0.006332573003866237,0.008215546028994112,,,,
4668,0.001,adam,4669,76.65468096733093,0.001867084904655659,0.0,0.005347312953859103,0.007214397858514762,,,,
4669,0.001,adam,4670,76.6669135093689,0.0018692320467257506,0.0,0.004744689112378171,0.006613921159103921,,,,
4670,0.001,adam,4671,76.68308186531067,0.0018842485701942267,0.0,0.004102632236850321,0.0059868808070445475,,,,
4671,0.001,adam,4672,76.6938488483429,0.0018938594227118763,0.0,0.0046795809532638845,0.006573440375975761,,,,
4672,0.001,adam,4673,76.70307064056396,0.0018740364890472698,0.0,0.00428321489705073,0.006157251386098,,,,
4673,0.001,adam,4674,76.71280980110168,0.0018740186433932383,0.0,0.00509780645484088,0.006971825098234118,,,,
4674,0.001,adam,4675,76.730064868927,0.001876864045658131,0.0,0.004680928291207612,0.0065577923368657426,,,,
4675,0.001,adam,4676,76.74199533462524,0.0018736065052944954,0.0,0.005295350569713177,0.007168957075007672,,,,
4676,0.001,adam,4677,76.75194811820984,0.0018605539473158287,0.0,0.00484695544634735,0.006707509393663179,,,,
4677,0.001,adam,4678,76.7668616771698,0.0018499992287635222,0.0,0.005831154126536896,0.007681153355300419,,,,
4678,0.001,adam,4679,76.77851581573486,0.0018566875061472002,0.0,0.005654944088178797,0.007511631594325998,,,,
4679,0.001,adam,4680,76.79144263267517,0.0018796164186489657,0.0,0.005202935209249937,0.007082551627898903,0.008455382199346252,0.0,0.005242522780255283,0.013697904979601536
4680,0.001,adam,4681,76.82446885108948,0.001880156710060692,0.0,0.005973478032851427,0.007853634742912119,,,,
4681,0.001,adam,4682,76.83469223976135,0.0018790879192437035,0.0,0.0045414045837778244,0.006420492503021528,,,,
4682,0.001,adam,4683,76.84830951690674,0.0018504735488348762,0.0,0.005116486563981686,0.006966960112816562,,,,
4683,0.001,adam,4684,76.85946869850159,0.0018394103913197245,0.0,0.006715309469778365,0.00855471986109809,,,,
4684,0.001,adam,4685,76.8701000213623,0.0018361160707906765,0.0,0.004589775560821957,0.006425891631612634,,,,
4685,0.001,adam,4686,76.88053369522095,0.001838664794963989,0.0,0.005260243049922113,0.007098907844886102,,,,
4686,0.001,adam,4687,76.89188075065613,0.0018415871829835814,0.0,0.004768823404840636,0.006610410587824217,,,,
4687,0.001,adam,4688,76.90237021446228,0.0018425829403276443,0.0,0.004712456151302796,0.0065550390916304406,,,,
4688,0.001,adam,4689,76.91161966323853,0.0018492783891494746,0.0,0.0060141241786668105,0.007863402567816286,,,,
4689,0.001,adam,4690,76.92198038101196,0.001847052407832796,0.0,0.0046424851037147104,0.006489537511547507,,,,
4690,0.001,adam,4691,76.9348316192627,0.0018651305919645355,0.0,0.005009366894658149,0.006874497486622685,,,,
4691,0.001,adam,4692,76.96109652519226,0.0018698083764115431,0.0,0.004995507668435937,0.0068653160448474805,,,,
4692,0.001,adam,4693,76.97319102287292,0.0018647861184671666,0.0,0.005851088801928595,0.0077158749203957615,,,,
4693,0.001,adam,4694,76.98430466651917,0.0018439195920218964,0.0,0.004560705675656125,0.006404625267678021,,,,
4694,0.001,adam,4695,76.99409341812134,0.0018490815063698202,0.0,0.006107939573066703,0.007957021079436523,,,,
4695,0.001,adam,4696,77.00683045387268,0.0018453373369049931,0.0,0.00504578313179465,0.006891120468699643,,,,
4696,0.001,adam,4697,77.01977133750916,0.001846637931534121,0.0,0.005635644243435596,0.007482282174969717,,,,
4697,0.001,adam,4698,77.04359650611877,0.0018724287311688173,0.0,0.005027665637607386,0.006900094368776203,,,,
4698,0.001,adam,4699,77.0580620765686,0.0018680313075772597,0.0,0.006218317461280361,0.00808634876885762,,,,
4699,0.001,adam,4700,77.07200360298157,0.0018603287606217523,0.0,0.005339484496476038,0.00719981325709779,0.008481395844656445,0.0,0.0072496628833001505,0.015731058727956597
4700,0.001,adam,4701,77.09368014335632,0.0018579338908024123,0.0,0.006030669361790116,0.007888603252592528,,,,
4701,0.001,adam,4702,77.1054801940918,0.0018447156313956279,0.0,0.009332058970852925,0.011176774602248554,,,,
4702,0.001,adam,4703,77.14151000976562,0.0018368120294863974,0.0,0.005864344212869549,0.007701156242355947,,,,
4703,0.001,adam,4704,77.16582489013672,0.001864902683678895,0.0,0.005795606149644394,0.007660508833323289,,,,
4704,0.001,adam,4705,77.17783641815186,0.00184191951800457,0.0,0.011070094246184223,0.012912013764188794,,,,
4705,0.001,adam,4706,77.18803286552429,0.001877516484876079,0.0,0.011309236274561648,0.013186752759437727,,,,
4706,0.001,adam,4707,77.19882678985596,0.0018843566762904724,0.0,0.009154008957022319,0.01103836563331279,,,,
4707,0.001,adam,4708,77.21720910072327,0.0018682782662283817,0.0,0.009527796184942938,0.01139607445117132,,,,
4708,0.001,adam,4709,77.22778010368347,0.0018569157510368265,0.0,0.004649220754345316,0.006506136505382142,,,,
4709,0.001,adam,4710,77.23696899414062,0.001875331298863871,0.0,0.0077178464103953405,0.009593177709259212,,,,
4710,0.001,adam,4711,77.24702215194702,0.001870975575358964,0.0,0.008740873112922543,0.010611848688281507,,,,
4711,0.001,adam,4712,77.2564446926117,0.0018577905360198644,0.0,0.009667422296363373,0.011525212832383237,,,,
4712,0.001,adam,4713,77.26821422576904,0.0018393510274465825,0.0,0.0091086786080665,0.010948029635513083,,,,
4713,0.001,adam,4714,77.28305912017822,0.00189424414082916,0.0,0.005434396720678522,0.007328640861507682,,,,
4714,0.001,adam,4715,77.29482936859131,0.0018933366076426515,0.0,0.007840816133521823,0.009734152741164475,,,,
4715,0.001,adam,4716,77.30794429779053,0.0018527839354893635,0.0,0.010143833326096658,0.011996617261586021,,,,
4716,0.001,adam,4717,77.3392722606659,0.0018507719297206104,0.0,0.007736452271076914,0.009587224200797525,,,,
4717,0.001,adam,4718,77.34934115409851,0.001872559707364493,0.0,0.007747600868225022,0.009620160575589514,,,,
4718,0.001,adam,4719,77.36227107048035,0.0018576367930163327,0.0,0.008511757040887384,0.010369393833903716,,,,
4719,0.001,adam,4720,77.37275576591492,0.0018809701398078843,0.0,0.00775847269331503,0.009639442833122914,0.00855243776731235,0.0,0.005329272333480403,0.013881710100792755
4720,0.001,adam,4721,77.39890050888062,0.001853028679637783,0.0,0.12790179218295278,0.12975482086259055,,,,
4721,0.001,adam,4722,77.41023182868958,0.0018749477380035563,0.0,0.005362189811443145,0.007237137549446701,,,,
4722,0.001,adam,4723,77.42874217033386,0.0018827469357569453,0.0,0.005883716631586174,0.007766463567343119,,,,
4723,0.001,adam,4724,77.44479155540466,0.0018467489037049844,0.0,0.007984652689207805,0.00983140159291279,,,,
4724,0.001,adam,4725,77.45570230484009,0.0018849576457719822,0.0,0.005507332286143151,0.007392289931915133,,,,
4725,0.001,adam,4726,77.46946382522583,0.0018963776263050884,0.0,0.005842097332157431,0.00773847495846252,,,,
4726,0.001,adam,4727,77.48500537872314,0.0018350392932513153,0.0,0.00658386700123185,0.008418906294483166,,,,
4727,0.001,adam,4728,77.49451422691345,0.0018404939880060102,0.0,0.005992406010998023,0.007832899999004033,,,,
4728,0.001,adam,4729,77.50470781326294,0.0018732331675289692,0.0,0.008418782730779773,0.010292015898308741,,,,
4729,0.001,adam,4730,77.51474523544312,0.0018568084200905896,0.0,0.0059258883068837335,0.007782696726974323,,,,
4730,0.001,adam,4731,77.52725601196289,0.001837544260207458,0.0,0.008996473187117826,0.010834017447325284,,,,
4731,0.001,adam,4732,77.53863382339478,0.0018308079591637916,0.0,0.005714075546432096,0.007544883505595887,,,,
4732,0.001,adam,4733,77.54988622665405,0.0018412659338963421,0.0,0.005171675115645236,0.007012941049541578,,,,
4733,0.001,adam,4734,77.56164503097534,0.001841174985079609,0.0,0.00962172339947179,0.011462898384551399,,,,
4734,0.001,adam,4735,77.60032963752747,0.0018393973524793179,0.0,0.008968401231290543,0.010807798583769861,,,,
4735,0.001,adam,4736,77.60965776443481,0.0018308628794226295,0.0,0.007633713779098957,0.009464576658521587,,,,
4736,0.001,adam,4737,77.62099409103394,0.0018492058516699397,0.0,0.00636485709324941,0.008214062944919349,,,,
4737,0.001,adam,4738,77.63332152366638,0.001922732144284108,0.0,0.010773552829670095,0.012696284973954204,,,,
4738,0.001,adam,4739,77.64401936531067,0.001905544222486432,0.0,0.01710825811621888,0.01901380233870531,,,,
4739,0.001,adam,4740,77.65496873855591,0.0018371172882473833,0.0,0.011545467660183401,0.013382584948430785,0.008387951678343846,0.0,0.006075798681940014,0.01446375036028386
4740,0.001,adam,4741,77.67948818206787,0.0018358993883613767,0.0,0.005733543312795745,0.007569442701157121,,,,
4741,0.001,adam,4742,77.70002007484436,0.0018515302104932677,0.0,0.005664403148703126,0.007515933359196394,,,,
4742,0.001,adam,4743,77.72527980804443,0.0018428651128097287,0.0,0.009429200535886601,0.01127206564869633,,,,
4743,0.001,adam,4744,77.73641633987427,0.0018301209873573352,0.0,0.011820638634736678,0.013650759622094014,,,,
4744,0.001,adam,4745,77.74661469459534,0.0018275093327025415,0.0,0.00862749694366692,0.010455006276369461,,,,
4745,0.001,adam,4746,77.75807809829712,0.0018314325540352545,0.0,0.004968259666043303,0.006799692220078557,,,,
4746,0.001,adam,4747,77.7719509601593,0.0018485276082005346,0.0,0.00718611423087496,0.009034641839075494,,,,
4747,0.001,adam,4748,77.78150796890259,0.001837523041878364,0.0,0.014731813301992252,0.016569336343870616,,,,
4748,0.001,adam,4749,77.7917263507843,0.001830434177201313,0.0,0.20030904058462012,0.20213947476182142,,,,
4749,0.001,adam,4750,77.80300664901733,0.0018191056249565274,0.0,0.009387715947986774,0.011206821572943301,,,,
4750,0.001,adam,4751,77.81439208984375,0.001796985462390246,0.0,0.006274307469095443,0.008071292931485688,,,,
4751,0.001,adam,4752,77.83762550354004,0.0018066786281735884,0.0,0.005623179006355871,0.00742985763452946,,,,
4752,0.001,adam,4753,77.86346292495728,0.0018383403686703975,0.0,0.011771611277040161,0.013609951645710558,,,,
4753,0.001,adam,4754,77.89271306991577,0.001833100931882326,0.0,0.01354933687238257,0.015382437804264895,,,,
4754,0.001,adam,4755,77.90299558639526,0.0018427414812962296,0.0,0.015465332675878666,0.017308074157174894,,,,
4755,0.001,adam,4756,77.91574668884277,0.001825795445814351,0.0,0.0069318528604123296,0.008757648306226681,,,,
4756,0.001,adam,4757,77.94216847419739,0.0018241893339485035,0.0,0.004505214537692317,0.006329403871640821,,,,
4757,0.001,adam,4758,77.95785856246948,0.0018260505798152007,0.0,0.008364480716528493,0.010190531296343694,,,,
4758,0.001,adam,4759,77.9941930770874,0.001808167966392047,0.0,0.009448700271854774,0.011256868238246821,,,,
4759,0.001,adam,4760,78.01998114585876,0.0018009306844828717,0.0,0.005597824346028502,0.007398755030511374,0.008420827711233512,0.0,0.005105326229742496,0.013526153940976008
4760,0.001,adam,4761,78.03824782371521,0.0017949049837416426,0.0,0.00411013861701692,0.005905043600758563,,,,
4761,0.001,adam,4762,78.05466103553772,0.0017919579738751824,0.0,0.008565171232093122,0.010357129205968305,,,,
4762,0.001,adam,4763,78.06432557106018,0.0018039687458081043,0.0,0.015311182631767065,0.01711515137757517,,,,
4763,0.001,adam,4764,78.07957625389099,0.0018137707938245947,0.0,0.017873656835327916,0.019687427629152512,,,,
4764,0.001,adam,4765,78.0895345211029,0.0018104610186827274,0.0,0.01177998140943716,0.013590442428119888,,,,
4765,0.001,adam,4766,78.09897208213806,0.0018038668638193447,0.0,0.005516240469193005,0.00732010733301235,,,,
4766,0.001,adam,4767,78.10812211036682,0.0018223171093483983,0.0,0.007204793604413203,0.009027110713761602,,,,
4767,0.001,adam,4768,78.11800622940063,0.001822522454533229,0.0,0.010050750322222838,0.011873272776756066,,,,
4768,0.001,adam,4769,78.13778400421143,0.0017993875620490448,0.0,0.006853484717696619,0.008652872279745663,,,,
4769,0.001,adam,4770,78.15003418922424,0.001799042640902543,0.0,0.015351233347241283,0.017150275988143827,,,,
4770,0.001,adam,4771,78.16104435920715,0.0018123475734379087,0.0,0.00816991092029149,0.009982258493729398,,,,
4771,0.001,adam,4772,78.17339158058167,0.0018051391274491882,0.0,0.005847422224420941,0.007652561351870129,,,,
4772,0.001,adam,4773,78.19466090202332,0.0018007757306767486,0.0,0.0052769185467259365,0.007077694277402685,,,,
4773,0.001,adam,4774,78.20964908599854,0.001789474688315455,0.0,0.007830288962318424,0.00961976365063388,,,,
4774,0.001,adam,4775,78.22115588188171,0.001803330923420415,0.0,0.007698920005506027,0.009502250928926441,,,,
4775,0.001,adam,4776,78.23568725585938,0.0017972203463465029,0.0,0.008781864480505233,0.010579084826851735,,,,
4776,0.001,adam,4777,78.25031352043152,0.0018123888216320192,0.0,0.007201128008315983,0.009013516829948002,,,,
4777,0.001,adam,4778,78.26075792312622,0.0018422898151569218,0.0,0.0053046775986114484,0.00714696741376837,,,,
4778,0.001,adam,4779,78.27091717720032,0.0018461294545318197,0.0,0.005225975639226653,0.007072105093758473,,,,
4779,0.001,adam,4780,78.28114748001099,0.0018132169438704944,0.0,0.007428159461099949,0.009241376404970443,0.00854589088915909,0.0,0.005669841627242538,0.014215732516401628
4780,0.001,adam,4781,78.30245447158813,0.001812764051558717,0.0,0.0065875396874529035,0.00840030373901162,,,,
4781,0.001,adam,4782,78.3127932548523,0.0018466916548668174,0.0,0.00617866690169716,0.008025358556563977,,,,
4782,0.001,adam,4783,78.32368755340576,0.0018455008820154508,0.0,0.004476901258203928,0.006322402140219379,,,,
4783,0.001,adam,4784,78.34351015090942,0.0018351170430407745,0.0,0.005783487909171334,0.007618604952212109,,,,
4784,0.001,adam,4785,78.35340332984924,0.0018289909549668928,0.0,0.004263922967483165,0.0060929139224500575,,,,
4785,0.001,adam,4786,78.3637022972107,0.0018230951972544544,0.0,0.008013755970144188,0.009836851167398642,,,,
4786,0.001,adam,4787,78.37479496002197,0.0018108207013791087,0.0,0.004386507402401193,0.006197328103780301,,,,
4787,0.001,adam,4788,78.3841450214386,0.001810797830332033,0.0,0.005361412315849455,0.007172210146181489,,,,
4788,0.001,adam,4789,78.39405679702759,0.001825647353236266,0.0,0.005974899495256864,0.00780054684849313,,,,
4789,0.001,adam,4790,78.40586042404175,0.0018241350393382945,0.0,0.003965667095569196,0.00578980213490749,,,,
4790,0.001,adam,4791,78.43804359436035,0.0018226957072410013,0.0,0.003971110358058133,0.0057938060652991345,,,,
4791,0.001,adam,4792,78.4488697052002,0.001837247857894278,0.0,0.004888700965687514,0.006725948823581792,,,,
4792,0.001,adam,4793,78.46019387245178,0.0018296937006327262,0.0,0.018841606269890697,0.020671299970523423,,,,
4793,0.001,adam,4794,78.4718017578125,0.0018126258756125497,0.0,0.0038982656642603704,0.00571089153987292,,,,
4794,0.001,adam,4795,78.4884033203125,0.0018183683750473323,0.0,0.0052777589957648755,0.007096127370812208,,,,
4795,0.001,adam,4796,78.5200583934784,0.0018294918608865464,0.0,0.005921567991103367,0.007751059851989914,,,,
4796,0.001,adam,4797,78.53291916847229,0.0018115944069930906,0.0,0.004793106780859627,0.006604701187852718,,,,
4797,0.001,adam,4798,78.56864213943481,0.0018068309719714115,0.0,0.004663600830823514,0.006470431802794925,,,,
4798,0.001,adam,4799,78.58125281333923,0.0018135802566161168,0.0,0.005874967680993589,0.007688547937609706,,,,
4799,0.001,adam,4800,78.59359240531921,0.0018108688646491706,0.0,0.0033411147398165106,0.005151983604465681,0.008445259405088718,0.0,0.004907396498451797,0.013352655903540515
4800,0.001,adam,4801,78.61596322059631,0.001803407898618918,0.0,0.007665437072140796,0.009468844970759713,,,,
4801,0.001,adam,4802,78.62940716743469,0.0017945359650490982,0.0,0.003859444913359808,0.005653980878408906,,,,
4802,0.001,adam,4803,78.64018082618713,0.0017861422846952482,0.0,0.004905220047394209,0.006691362332089458,,,,
4803,0.001,adam,4804,78.66088962554932,0.0017918609642871485,0.0,0.004230431532980708,0.0060222924972678565,,,,
4804,0.001,adam,4805,78.68967914581299,0.0018069761971439915,0.0,0.007095967440764459,0.00890294363790845,,,,
4805,0.001,adam,4806,78.70194482803345,0.001807894692866352,0.0,0.003996037407016435,0.005803932099882787,,,,
4806,0.001,adam,4807,78.71397995948792,0.0018084844938050172,0.0,0.004525932175202241,0.006334416669007258,,,,
4807,0.001,adam,4808,78.72379231452942,0.0018160527042371942,0.0,0.006206025433211123,0.008022078137448317,,,,
4808,0.001,adam,4809,78.73727130889893,0.0018201364717695947,0.0,0.005362733191837046,0.007182869663606641,,,,
4809,0.001,adam,4810,78.74858736991882,0.0018012251115754748,0.0,0.005056954628407053,0.006858179739982527,,,,
4810,0.001,adam,4811,78.76834654808044,0.0018000523121256837,0.0,0.004928786778845781,0.006728839090971465,,,,
4811,0.001,adam,4812,78.77912926673889,0.001809163598305667,0.0,0.007738247422014318,0.009547411020319984,,,,
4812,0.001,adam,4813,78.79012370109558,0.0018033724677947892,0.0,0.011155761849010487,0.012959134316805277,,,,
4813,0.001,adam,4814,78.80364203453064,0.0018051553411322853,0.0,0.006556450362813815,0.0083616057039461,,,,
4814,0.001,adam,4815,78.81438279151917,0.0018072645408229269,0.0,0.004396060267208914,0.006203324808031841,,,,
4815,0.001,adam,4816,78.82421731948853,0.0017918312220378202,0.0,0.008535733322101377,0.010327564544139196,,,,
4816,0.001,adam,4817,78.83465242385864,0.0017950954530850018,0.0,0.021679675733620483,0.023474771186705483,,,,
4817,0.001,adam,4818,78.8486967086792,0.0017870157729749858,0.0,0.005441538722818409,0.007228554495793395,,,,
4818,0.001,adam,4819,78.86279797554016,0.0017997594594652,0.0,0.0038257708065858017,0.005625530266051002,,,,
4819,0.001,adam,4820,78.87420225143433,0.0017814570854425584,0.0,0.009922668349730398,0.011704125435172956,0.008407985077995186,0.0,0.007721676759004149,0.016129661836999334
4820,0.001,adam,4821,78.89834260940552,0.0017802440749534899,0.0,0.006548977512725046,0.008329221587678536,,,,
4821,0.001,adam,4822,78.91946816444397,0.001788689798453905,0.0,0.006305829623280535,0.00809451942173444,,,,
4822,0.001,adam,4823,78.93784880638123,0.0017861129285742553,0.0,0.0037276967416005995,0.005513809670174855,,,,
4823,0.001,adam,4824,78.94836330413818,0.001775875314594719,0.0,0.008317008542014124,0.010092883856608843,,,,
4824,0.001,adam,4825,78.96454071998596,0.0017935425283848786,0.0,0.005985524002283011,0.00777906653066789,,,,
4825,0.001,adam,4826,78.9742956161499,0.0017961596909206847,0.0,0.005765851102265872,0.0075620107931865565,,,,
4826,0.001,adam,4827,78.99017810821533,0.0017916744779101653,0.0,0.003936591248476448,0.005728265726386614,,,,
4827,0.001,adam,4828,79.00206995010376,0.0017847819637539484,0.0,0.006665542572561756,0.008450324536315704,,,,
4828,0.001,adam,4829,79.0128481388092,0.0018189093046503016,0.0,0.016480171809082046,0.018299081113732348,,,,
4829,0.001,adam,4830,79.02586555480957,0.0018278065417037144,0.0,0.009208185066068453,0.011035991607772168,,,,
4830,0.001,adam,4831,79.03721308708191,0.0018050576258702381,0.0,0.00752225411460605,0.00932731174047629,,,,
4831,0.001,adam,4832,79.05075740814209,0.00178544515199552,0.0,0.005395193259784723,0.007180638411780243,,,,
4832,0.001,adam,4833,79.06261491775513,0.0018297516813523226,0.0,0.006301161316158747,0.008130912997511069,,,,
4833,0.001,adam,4834,79.07590365409851,0.0018099972204308605,0.0,0.008235145510273354,0.010045142730704214,,,,
4834,0.001,adam,4835,79.08744645118713,0.001792753416671457,0.0,0.004893214352675299,0.006685967769346756,,,,
4835,0.001,adam,4836,79.09961080551147,0.00179057713788798,0.0,0.003772503345775216,0.005563080483663196,,,,
4836,0.001,adam,4837,79.11170673370361,0.0017924604517780467,0.0,0.0055201598808462355,0.007312620332624282,,,,
4837,0.001,adam,4838,79.12119483947754,0.0017884662751654714,0.0,0.009923878172974965,0.011712344448140436,,,,
4838,0.001,adam,4839,79.13288903236389,0.001788288569416148,0.0,0.007831883574069401,0.00962017214348555,,,,
4839,0.001,adam,4840,79.14256429672241,0.0017884150502094523,0.0,0.006216485065497271,0.008004900115706723,0.008432668974486602,0.0,0.004255594221171673,0.012688263195658274
4840,0.001,adam,4841,79.16623020172119,0.0017845603669541807,0.0,0.005651327712108914,0.0074358880790630945,,,,
4841,0.001,adam,4842,79.17644381523132,0.0017856880067866339,0.0,0.005186573680513012,0.0069722616872996464,,,,
4842,0.001,adam,4843,79.18584156036377,0.0017912741195274817,0.0,0.007193487324418274,0.008984761443945756,,,,
4843,0.001,adam,4844,79.19857168197632,0.001792073730919385,0.0,0.008143546276196494,0.00993562000711588,,,,
4844,0.001,adam,4845,79.20817518234253,0.0018104195414655852,0.0,0.007104586434529369,0.008915005975994953,,,,
4845,0.001,adam,4846,79.21848773956299,0.0017812598326716997,0.0,0.0057900671959991825,0.007571327028670883,,,,
4846,0.001,adam,4847,79.22985935211182,0.0017863679616943,0.0,0.003844095480014622,0.005630463441708922,,,,
4847,0.001,adam,4848,79.24177265167236,0.0018090850386829561,0.0,0.003923660514676508,0.005732745553359464,,,,
4848,0.001,adam,4849,79.25496864318848,0.0018028083337193067,0.0,0.005080695320719789,0.006883503654439096,,,,
4849,0.001,adam,4850,79.26890230178833,0.0018059714555685316,0.0,0.006927679116945566,0.008733650572514098,,,,
4850,0.001,adam,4851,79.28671646118164,0.001793343135834928,0.0,0.004600467107801967,0.006393810243636894,,,,
4851,0.001,adam,4852,79.30194807052612,0.0018117530818777406,0.0,0.005903152986191024,0.007714906068068765,,,,
4852,0.001,adam,4853,79.31312036514282,0.00177742810494557,0.0,0.005445380101519964,0.007222808206465534,,,,
4853,0.001,adam,4854,79.32688784599304,0.00178573300072663,0.0,0.0070025587210632055,0.008788291721789836,,,,
4854,0.001,adam,4855,79.35187292098999,0.0018087559878691294,0.0,0.008485521989648845,0.010294277977517974,,,,
4855,0.001,adam,4856,79.38286995887756,0.001824683277904973,0.0,0.008872187291822015,0.010696870569726988,,,,
4856,0.001,adam,4857,79.39399313926697,0.0017952088316585259,0.0,0.006737231435065871,0.008532440266724397,,,,
4857,0.001,adam,4858,79.40766620635986,0.0017939205723941005,0.0,0.005588953360991757,0.007382873933385858,,,,
4858,0.001,adam,4859,79.42084288597107,0.0018201881922051404,0.0,0.00505853379016013,0.00687872198236527,,,,
4859,0.001,adam,4860,79.43153071403503,0.0017958240922317603,0.0,0.007412308634941067,0.009208132727172828,0.008262997499635586,0.0,0.009455688517376049,0.017718686017011633
4860,0.001,adam,4861,79.45249247550964,0.0018161607812171784,0.0,0.009451445833337934,0.011267606614555113,,,,
4861,0.001,adam,4862,79.4627742767334,0.0018063809898818688,0.0,0.006672270355036859,0.008478651344918728,,,,
4862,0.001,adam,4863,79.47253847122192,0.001781838096486838,0.0,0.005302199409511475,0.007084037505998312,,,,
4863,0.001,adam,4864,79.4909348487854,0.0017928916700291966,0.0,0.0089363877056891,0.010729279375718296,,,,
4864,0.001,adam,4865,79.5025007724762,0.00180713961153035,0.0,0.018005349685483646,0.019812489297013996,,,,
4865,0.001,adam,4866,79.515052318573,0.0017960781484630671,0.0,0.0134684131620219,0.015264491310484967,,,,
4866,0.001,adam,4867,79.5343828201294,0.0017917921705610546,0.0,0.006666704448755387,0.008458496619316441,,,,
4867,0.001,adam,4868,79.54474997520447,0.0017744302316282114,0.0,0.005095925261021047,0.006870355492649258,,,,
4868,0.001,adam,4869,79.55651783943176,0.0017817848399757053,0.0,0.011783831663965875,0.01356561650394158,,,,
4869,0.001,adam,4870,79.58394122123718,0.0018083830294895894,0.0,0.016189132093555415,0.017997515123045003,,,,
4870,0.001,adam,4871,79.59425520896912,0.0017990339443976094,0.0,0.0162051148141185,0.018004148758516112,,,,
4871,0.001,adam,4872,79.6043975353241,0.0017961742569510882,0.0,0.013262428238256446,0.015058602495207534,,,,
4872,0.001,adam,4873,79.6161458492279,0.001780441967522873,0.0,0.005476781123621746,0.007257223091144619,,,,
4873,0.001,adam,4874,79.63134551048279,0.0017868688183706927,0.0,0.012766828074255379,0.014553696892626072,,,,
4874,0.001,adam,4875,79.64385557174683,0.0018021369393514677,0.0,0.02565704445713174,0.027459181396483207,,,,
4875,0.001,adam,4876,79.65717458724976,0.0017728344437705746,0.0,0.02439632333316789,0.026169157776938463,,,,
4876,0.001,adam,4877,79.67410492897034,0.001772473156380351,0.0,0.013482549614568245,0.015255022770948597,,,,
4877,0.001,adam,4878,79.70444464683533,0.001777821952770177,0.0,0.00515816622535302,0.0069359881781231965,,,,
4878,0.001,adam,4879,79.7265214920044,0.0017694257068217964,0.0,0.01655537756235958,0.018324803269181376,,,,
4879,0.001,adam,4880,79.73607325553894,0.0018355470310093007,0.0,0.028825355748677388,0.030660902779686687,0.008283247596772852,0.0,0.025436082981282075,0.03371933057805493
4880,0.001,adam,4881,79.75925183296204,0.0018282047865885247,0.0,0.026666667525670068,0.02849487231225859,,,,
4881,0.001,adam,4882,79.77014112472534,0.0018038128749758163,0.0,0.011016406237597334,0.01282021911257315,,,,
4882,0.001,adam,4883,79.78527879714966,0.0017852020835181833,0.0,0.008411568425966642,0.010196770509484825,,,,
4883,0.001,adam,4884,79.79614520072937,0.0018245620018531804,0.0,0.022447286626944417,0.024271848628797596,,,,
4884,0.001,adam,4885,79.80625557899475,0.0017988760171738045,0.0,0.03692557456918588,0.038724450586359684,,,,
4885,0.001,adam,4886,79.8161039352417,0.0018089874946327273,0.0,0.03622670310704841,0.03803569060168114,,,,
4886,0.001,adam,4887,79.82727193832397,0.0017803873538773446,0.0,0.011779475059257912,0.013559862413135258,,,,
4887,0.001,adam,4888,79.84090828895569,0.0017625249071498857,0.0,0.010027277738625403,0.01178980264577529,,,,
4888,0.001,adam,4889,79.86761713027954,0.0017910492442482677,0.0,0.03011749332045942,0.03190854256470769,,,,
4889,0.001,adam,4890,79.87865996360779,0.0018156348344749833,0.0,0.029791095647652643,0.03160673048212763,,,,
4890,0.001,adam,4891,79.89017081260681,0.0018074697645396331,0.0,0.00891463335928552,0.010722103123825153,,,,
4891,0.001,adam,4892,79.90056157112122,0.0018227070399425406,0.0,0.020378339158063325,0.022201046198005867,,,,
4892,0.001,adam,4893,79.91370344161987,0.0018318881679958202,0.0,0.026155683492950187,0.027987571660946006,,,,
4893,0.001,adam,4894,79.92405366897583,0.0018119703623806752,0.0,0.011820020100465182,0.013631990462845857,,,,
4894,0.001,adam,4895,79.93354678153992,0.001805359440661042,0.0,0.00838593842473304,0.010191297865394081,,,,
4895,0.001,adam,4896,79.94679808616638,0.0018523959534324753,0.0,0.019046141659435977,0.020898537612868452,,,,
4896,0.001,adam,4897,79.9631986618042,0.0017823014192352522,0.0,0.015459058538342469,0.01724135995757772,,,,
4897,0.001,adam,4898,79.98321628570557,0.0017786340756766636,0.0,0.008487351106628044,0.010265985182304708,,,,
4898,0.001,adam,4899,79.99339556694031,0.0017811505530105289,0.0,0.013361656284249892,0.01514280683726042,,,,
4899,0.001,adam,4900,80.00306510925293,0.0017858413470387981,0.0,0.014831228656515882,0.01661707000355468,0.008483125610393055,0.0,0.007564858926484322,0.016047984536877377
4900,0.001,adam,4901,80.02967429161072,0.0018378067773773036,0.0,0.007742503305226131,0.009580310082603434,,,,
4901,0.001,adam,4902,80.0410795211792,0.0018085827077569346,0.0,0.011488212091665123,0.013296794799422057,,,,
4902,0.001,adam,4903,80.05792927742004,0.001849192806210242,0.0,0.018621008758212314,0.020470201564422554,,,,
4903,0.001,adam,4904,80.07400512695312,0.001855970229153156,0.0,0.014142713399784488,0.015998683628937645,,,,
4904,0.001,adam,4905,80.08377313613892,0.0018186678388932424,0.0,0.009620453841879631,0.011439121680772874,,,,
4905,0.001,adam,4906,80.10469079017639,0.0017847109011313621,0.0,0.011950620295472558,0.01373533119660392,,,,
4906,0.001,adam,4907,80.14194703102112,0.0018369737488172933,0.0,0.012492931558135087,0.01432990530695238,,,,
4907,0.001,adam,4908,80.16266775131226,0.001814747915414607,0.0,0.005236849356164705,0.007051597271579313,,,,
4908,0.001,adam,4909,80.1902277469635,0.001786219270900966,0.0,0.0152642022429065,0.017050421513807465,,,,
4909,0.001,adam,4910,80.20298051834106,0.0018038458271937838,0.0,0.02105463235463423,0.022858478181828012,,,,
4910,0.001,adam,4911,80.21348357200623,0.0018377370538796816,0.0,0.011077714278450678,0.012915451332330359,,,,
4911,0.001,adam,4912,80.22242546081543,0.001785114702193933,0.0,0.005781265793041641,0.007566380495235574,,,,
4912,0.001,adam,4913,80.2376503944397,0.0018502566079968764,0.0,0.013631622087837053,0.01548187869583393,,,,
4913,0.001,adam,4914,80.24709153175354,0.0018387962549147882,0.0,0.013060209175277702,0.01489900543019249,,,,
4914,0.001,adam,4915,80.26023840904236,0.001798024531106813,0.0,0.0062292307810688004,0.008027255312175614,,,,
4915,0.001,adam,4916,80.27186274528503,0.0017971334317585424,0.0,0.012152791699549375,0.013949925131307918,,,,
4916,0.001,adam,4917,80.28118205070496,0.0018020351368196604,0.0,0.011289920274201037,0.013091955411020697,,,,
4917,0.001,adam,4918,80.2918312549591,0.0017884376278539567,0.0,0.005490627674346765,0.007279065302200721,,,,
4918,0.001,adam,4919,80.30576992034912,0.0018029317308750992,0.0,0.011697064287385605,0.013499996018260704,,,,
4919,0.001,adam,4920,80.33921313285828,0.0017764254854990432,0.0,0.014559167416713883,0.016335592902212925,0.008425285906754062,0.0,0.010225842670334153,0.018651128577088213
4920,0.001,adam,4921,80.35837483406067,0.0018122428133769328,0.0,0.010320320400161046,0.012132563213537978,,,,
4921,0.001,adam,4922,80.36847305297852,0.001779558074547254,0.0,0.00777780802783902,0.009557366102386274,,,,
4922,0.001,adam,4923,80.38114762306213,0.0017878790977324198,0.0,0.013725845104255943,0.015513724201988363,,,,
4923,0.001,adam,4924,80.40649557113647,0.001805580998160623,0.0,0.012521722576704553,0.014327303574865176,,,,
4924,0.001,adam,4925,80.42313194274902,0.0017952539429138032,0.0,0.00653605335966138,0.008331307302575183,,,,
4925,0.001,adam,4926,80.4421317577362,0.001804471718046095,0.0,0.00952756194600093,0.011332033664047026,,,,
4926,0.001,adam,4927,80.46075582504272,0.0018071363293017144,0.0,0.008803262351943637,0.010610398681245352,,,,
4927,0.001,adam,4928,80.48070907592773,0.0018086256877736454,0.0,0.005979581247507833,0.007788206935281479,,,,
4928,0.001,adam,4929,80.49147272109985,0.0017857927528838443,0.0,0.006274037901418031,0.008059830654301875,,,,
4929,0.001,adam,4930,80.50273513793945,0.0017932954766930783,0.0,0.00960783619101242,0.011401131667705497,,,,
4930,0.001,adam,4931,80.5155189037323,0.0018175343654134837,0.0,0.00546725999378197,0.007284794359195454,,,,
4931,0.001,adam,4932,80.5255675315857,0.0017788137919426354,0.0,0.007245244501180315,0.009024058293122951,,,,
4932,0.001,adam,4933,80.53929400444031,0.0017693033708489757,0.0,0.007782987056360627,0.009552290427209603,,,,
4933,0.001,adam,4934,80.55095267295837,0.001771543201143319,0.0,0.00642016737300583,0.00819171057414915,,,,
4934,0.001,adam,4935,80.56470608711243,0.001815696429847016,0.0,0.007186219675885061,0.009001916105732078,,,,
4935,0.001,adam,4936,80.5767285823822,0.0017979130707774635,0.0,0.005557011421318584,0.007354924492096048,,,,
4936,0.001,adam,4937,80.59380674362183,0.0017813812678729812,0.0,0.005491070348963239,0.00727245161683622,,,,
4937,0.001,adam,4938,80.61702251434326,0.0017803986087017998,0.0,0.005023682447791784,0.006804081056493584,,,,
4938,0.001,adam,4939,80.63035607337952,0.0018130043489634191,0.0,0.006028247035778084,0.007841251384741503,,,,
4939,0.001,adam,4940,80.65137672424316,0.0017856988342876785,0.0,0.006078330689601433,0.00786402952388911,0.008460472050836339,0.0,0.005384388062873266,0.013844860113709605
4940,0.001,adam,4941,80.67156887054443,0.0018103022606576716,0.0,0.0065492893208689285,0.0083595915815266,,,,
4941,0.001,adam,4942,80.6834774017334,0.0017892453360347936,0.0,0.004017458097086998,0.005806703433121792,,,,
4942,0.001,adam,4943,80.69430160522461,0.0017906698994066455,0.0,0.004559258846763016,0.006349928746169661,,,,
4943,0.001,adam,4944,80.70455193519592,0.0017787380971749066,0.0,0.11819446215540234,0.11997320025257725,,,,
4944,0.001,adam,4945,80.73766374588013,0.0017762504453811175,0.0,0.004744990255053774,0.006521240700434892,,,,
4945,0.001,adam,4946,80.74912524223328,0.0017779429621846594,0.0,0.005009082039260028,0.006787025001444688,,,,
4946,0.001,adam,4947,80.76160216331482,0.0017799216393006546,0.0,0.004622714007962694,0.006402635647263348,,,,
4947,0.001,adam,4948,80.777907371521,0.0017628509075319982,0.0,0.004466463909967669,0.0062293148174996675,,,,
4948,0.001,adam,4949,80.7881429195404,0.0017690416015459726,0.0,0.005636415493264135,0.0074054570948101075,,,,
4949,0.001,adam,4950,80.8000156879425,0.0017958043816623233,0.0,0.006581947991423684,0.008377752373086007,,,,
4950,0.001,adam,4951,80.81000757217407,0.001794285421735427,0.0,0.004992484945424501,0.0067867703671599285,,,,
4951,0.001,adam,4952,80.8267273902893,0.0017721038461105752,0.0,0.005624300358155731,0.007396404204266307,,,,
4952,0.001,adam,4953,80.8362889289856,0.0017630314137245119,0.0,0.008514572569840069,0.01027760398356458,,,,
4953,0.001,adam,4954,80.84574294090271,0.0017685573549614286,0.0,0.004612153249178026,0.006380710604139455,,,,
4954,0.001,adam,4955,80.86040687561035,0.001757348395597042,0.0,0.004260337749411423,0.006017686145008465,,,,
4955,0.001,adam,4956,80.87062501907349,0.0017448679144438583,0.0,0.005508174330118535,0.007253042244562393,,,,
4956,0.001,adam,4957,80.88155484199524,0.0017431908116877569,0.0,0.004382965255781034,0.006126156067468792,,,,
4957,0.001,adam,4958,80.89168047904968,0.0017490216548943693,0.0,0.008764776608266054,0.010513798263160424,,,,
4958,0.001,adam,4959,80.90239810943604,0.001757067266742076,0.0,0.010658711514665442,0.012415778781407517,,,,
4959,0.001,adam,4960,80.91755986213684,0.0017953379313299521,0.0,0.0072914140524704615,0.009086751983800413,0.008230241255129075,0.0,0.008036109944638145,0.016266351199767222
4960,0.001,adam,4961,80.93625593185425,0.00179742378757405,0.0,0.007142244438852291,0.00893966822642634,,,,
4961,0.001,adam,4962,80.96581101417542,0.0017649371825514343,0.0,0.009073345152725253,0.010838282335276686,,,,
4962,0.001,adam,4963,80.97671866416931,0.0018331737704493055,0.0,0.020379045902323166,0.02221221967277247,,,,
4963,0.001,adam,4964,80.98622393608093,0.001818260261809376,0.0,0.010462768884267594,0.01228102914607697,,,,
4964,0.001,adam,4965,80.998366355896,0.0017957737814236507,0.0,0.010486878944976043,0.012282652726399694,,,,
4965,0.001,adam,4966,81.0105414390564,0.0017993073302764377,0.0,0.013363409422495314,0.015162716752771753,,,,
4966,0.001,adam,4967,81.02086329460144,0.0018314372314619273,0.0,0.01670680715182877,0.018538244383290697,,,,
4967,0.001,adam,4968,81.03021788597107,0.0018594521932544733,0.0,0.01080155206890231,0.012661004262156782,,,,
4968,0.001,adam,4969,81.0410590171814,0.0017894368478807631,0.0,0.01056778274556936,0.012357219593450122,,,,
4969,0.001,adam,4970,81.05053877830505,0.001829582460876747,0.0,0.01981592356026295,0.021645506021139696,,,,
4970,0.001,adam,4971,81.0616614818573,0.0019182216200512995,0.0,0.01904017372701917,0.02095839534707047,,,,
4971,0.001,adam,4972,81.07328367233276,0.0018507272480778943,0.0,0.010848868507983018,0.012699595756060913,,,,
4972,0.001,adam,4973,81.0960795879364,0.001778102092529342,0.0,0.020697203624372433,0.022475305716901775,,,,
4973,0.001,adam,4974,81.10600209236145,0.0018318425783418891,0.0,0.022644595122680147,0.024476437701022036,,,,
4974,0.001,adam,4975,81.1169638633728,0.0018203729750632097,0.0,0.009699565626661967,0.011519938601725177,,,,
4975,0.001,adam,4976,81.132404088974,0.0017552190669122077,0.0,0.012035569212971903,0.01379078827988411,,,,
4976,0.001,adam,4977,81.14581036567688,0.0017575569058000816,0.0,0.0132246145155348,0.014982171421334881,,,,
4977,0.001,adam,4978,81.15671348571777,0.00180424690397726,0.0,0.012623500662521034,0.014427747566498294,,,,
4978,0.001,adam,4979,81.16728401184082,0.001832696878479303,0.0,0.013361095795181622,0.015193792673660925,,,,
4979,0.001,adam,4980,81.17866587638855,0.0018042582785132847,0.0,0.016520288135284694,0.01832454641379798,0.008415727700478345,0.0,0.011775450640316584,0.02019117834079493
4980,0.001,adam,4981,81.19910001754761,0.0017672030797568632,0.0,0.011016668715312386,0.012783871795069249,,,,
4981,0.001,adam,4982,81.210702419281,0.0017780020833099027,0.0,0.006084858493225961,0.007862860576535863,,,,
4982,0.001,adam,4983,81.22109699249268,0.0018209379286799154,0.0,0.01836125499849924,0.020182192927179154,,,,
4983,0.001,adam,4984,81.23153829574585,0.0017618279476935396,0.0,0.013539291513291382,0.015301119460984922,,,,
4984,0.001,adam,4985,81.24241614341736,0.001750310360843281,0.0,0.005725976585312242,0.007476286946155523,,,,
4985,0.001,adam,4986,81.25793480873108,0.00175367554441597,0.0,0.007922384004732524,0.009676059549148495,,,,
4986,0.001,adam,4987,81.2853889465332,0.0017690209498723818,0.0,0.009938243726376193,0.011707264676248575,,,,
4987,0.001,adam,4988,81.29609966278076,0.0017917245543998248,0.0,0.005788249982777943,0.007579974537177767,,,,
4988,0.001,adam,4989,81.30624461174011,0.0017706923479326572,0.0,0.006230663420020135,0.008001355767952792,,,,
4989,0.001,adam,4990,81.31746363639832,0.0017457974099386194,0.0,0.02882285258404984,0.030568649993988457,,,,
4990,0.001,adam,4991,81.3336353302002,0.0017411083311170447,0.0,0.005936416861481693,0.007677525192598738,,,,
4991,0.001,adam,4992,81.35350489616394,0.0017361700432685636,0.0,0.006838094171164111,0.008574264214432675,,,,
4992,0.001,adam,4993,81.36436653137207,0.0017387342718133054,0.0,0.00476007237732934,0.006498806649142645,,,,
4993,0.001,adam,4994,81.37875723838806,0.0017584739945826172,0.0,0.005126656492455712,0.0068851304870383295,,,,
4994,0.001,adam,4995,81.40203738212585,0.0017752668856586499,0.0,0.004570872379733712,0.0063461392653923615,,,,
4995,0.001,adam,4996,81.41411137580872,0.0017747426296619577,0.0,0.005452459783832202,0.007227202413494159,,,,
4996,0.001,adam,4997,81.4255018234253,0.001768676097661171,0.0,0.006058817556043667,0.007827493653704838,,,,
4997,0.001,adam,4998,81.43578100204468,0.0017654284107257222,0.0,0.005869635196552083,0.007635063607277805,,,,
4998,0.001,adam,4999,81.45451974868774,0.0017605882767338162,0.0,0.007869719314835887,0.009630307591569704,,,,
4999,0.001,adam,5000,81.46855974197388,0.001736637240840851,0.0,0.005626700755577417,0.0073633379964182675,0.008320589437615173,0.0,0.005827069807835346,0.01414765924545052
5000,0.001,adam,5001,81.494868516922,0.0017513364162751153,0.0,0.00702659896102017,0.008777935377295286,,,,
5001,0.001,adam,5002,81.50492429733276,0.0017567162702464274,0.0,0.0072164437545710475,0.008973160024817475,,,,
5002,0.001,adam,5003,81.51589465141296,0.001753502648284039,0.0,0.005733507938752429,0.007487010587036468,,,,
5003,0.001,adam,5004,81.52713203430176,0.0017438081963536917,0.0,0.004985524825608122,0.006729333021961813,,,,
5004,0.001,adam,5005,81.53783202171326,0.0017435174456195785,0.0,0.007828163207735472,0.00957168065335505,,,,
5005,0.001,adam,5006,81.54737854003906,0.0017315094330016087,0.0,0.004427496114840163,0.0061590055478417715,,,,
5006,0.001,adam,5007,81.5604989528656,0.001730464604176891,0.0,0.005984336805638564,0.007714801409815455,,,,
5007,0.001,adam,5008,81.57971382141113,0.0017401974776694393,0.0,0.005837182542251502,0.0075773800199209415,,,,
5008,0.001,adam,5009,81.5892825126648,0.0017472348929125935,0.0,0.006711709178825197,0.00845894407173779,,,,
5009,0.001,adam,5010,81.599449634552,0.0017445573970184878,0.0,0.004040885925490395,0.005785443322508884,,,,
5010,0.001,adam,5011,81.60980987548828,0.0017522178630085608,0.0,0.005931695650628696,0.0076839135136372565,,,,
5011,0.001,adam,5012,81.62029266357422,0.0017431607828235812,0.0,0.00440886808750416,0.006152028870327741,,,,
5012,0.001,adam,5013,81.63528943061829,0.0017499565247555198,0.0,0.003390068919979103,0.005140025444734623,,,,
5013,0.001,adam,5014,81.6494607925415,0.0017555551740924629,0.0,0.004561217999857796,0.006316773173950258,,,,
5014,0.001,adam,5015,81.66933035850525,0.0017422702726329628,0.0,0.004030644987748883,0.005772915260381845,,,,
5015,0.001,adam,5016,81.70001554489136,0.0017417003979027462,0.0,0.0054888942819537765,0.0072305946798565226,,,,
5016,0.001,adam,5017,81.73429822921753,0.0017479083979168068,0.0,0.004863775913577778,0.006611684311494585,,,,
5017,0.001,adam,5018,81.74778532981873,0.001755246032299821,0.0,0.005443951853173544,0.007199197885473365,,,,
5018,0.001,adam,5019,81.77006268501282,0.0017580111059616454,0.0,0.005086492658544386,0.0068445037645060314,,,,
5019,0.001,adam,5020,81.78158950805664,0.001754207403189122,0.0,0.004313678451422194,0.006067885854611316,0.008273691874371684,0.0,0.005470165177515385,0.01374385705188707
5020,0.001,adam,5021,81.81735610961914,0.0017466405395543843,0.0,0.005900348768006765,0.007646989307561149,,,,
5021,0.001,adam,5022,81.82834434509277,0.0017404051773408549,0.0,0.003948289285206004,0.005688694462546859,,,,
5022,0.001,adam,5023,81.84038925170898,0.001740196659830722,0.0,0.004228611676888217,0.005968808336718938,,,,
5023,0.001,adam,5024,81.85246729850769,0.0017473029480124076,0.0,0.005436401365803209,0.007183704313815617,,,,
5024,0.001,adam,5025,81.86308336257935,0.0017383764790774036,0.0,0.004025132230781799,0.005763508709859202,,,,
5025,0.001,adam,5026,81.87358093261719,0.0017344987221168066,0.0,0.003354051404339767,0.005088550126456573,,,,
5026,0.001,adam,5027,81.88658690452576,0.0017327093126517945,0.0,0.007552779788548196,0.00928548910119999,,,,
5027,0.001,adam,5028,81.89881110191345,0.0017393960093206513,0.0,0.006941611099063274,0.008681007108383926,,,,
5028,0.001,adam,5029,81.9083309173584,0.001732744398474531,0.0,0.004621126909737389,0.00635387130821192,,,,
5029,0.001,adam,5030,81.91826033592224,0.0017343047640191898,0.0,0.0041566249438061845,0.005890929707825374,,,,
5030,0.001,adam,5031,81.93505787849426,0.001733804205786522,0.0,0.005238047025539625,0.006971851231326147,,,,
5031,0.001,adam,5032,81.9462902545929,0.0017381338686436655,0.0,0.004547457751860653,0.006285591620504318,,,,
5032,0.001,adam,5033,81.955557346344,0.0017290129499043401,0.0,0.0036598930448644455,0.005388905994768786,,,,
5033,0.001,adam,5034,81.9677402973175,0.0017192683185862805,0.0,0.004868743929732995,0.006588012248319276,,,,
5034,0.001,adam,5035,81.98002219200134,0.0017166344169100634,0.0,0.005128608807524619,0.006845243224434683,,,,
5035,0.001,adam,5036,81.99708271026611,0.0017251025940791455,0.0,0.007168557233779324,0.00889365982785847,,,,
5036,0.001,adam,5037,82.02375888824463,0.0017239597285827544,0.0,0.00414294900786133,0.005866908736444084,,,,
5037,0.001,adam,5038,82.03482580184937,0.0017308345737969057,0.0,0.0051853418608431385,0.006916176434640044,,,,
5038,0.001,adam,5039,82.05054926872253,0.0017235250357235925,0.0,0.005844249211066381,0.007567774246789973,,,,
5039,0.001,adam,5040,82.06157159805298,0.001731987921776305,0.0,0.00628866280696951,0.008020650728745814,0.008302744126733035,0.0,0.004843119193977844,0.013145863320710879
5040,0.001,adam,5041,82.10669684410095,0.0017227318721134025,0.0,0.005926877940747032,0.007649609812860434,,,,
5041,0.001,adam,5042,82.12115335464478,0.001715639413195861,0.0,0.004392323973230668,0.006107963386426529,,,,
5042,0.001,adam,5043,82.1416916847229,0.0017117544997880545,0.0,0.0052099744030255565,0.006921728902813611,,,,
5043,0.001,adam,5044,82.15219855308533,0.0017268605275144527,0.0,0.0064968087607525146,0.008223669288266967,,,,
5044,0.001,adam,5045,82.16671180725098,0.001712548022902228,0.0,0.005797649329900403,0.007510197352802631,,,,
5045,0.001,adam,5046,82.17871356010437,0.0017189446789036035,0.0,0.006842920551850333,0.008561865230753937,,,,
5046,0.001,adam,5047,82.18985223770142,0.0017167040232053212,0.0,0.006014832893529611,0.007731536916734932,,,,
5047,0.001,adam,5048,82.21092343330383,0.0017256141337040085,0.0,0.004168660237264395,0.005894274370968403,,,,
5048,0.001,adam,5049,82.23721766471863,0.0017160500504779948,0.0,0.003350789830978863,0.005066839881456857,,,,
5049,0.001,adam,5050,82.24777698516846,0.0017202191957834598,0.0,0.0058159970334884774,0.0075362162292719375,,,,
5050,0.001,adam,5051,82.26061820983887,0.0017210954103593198,0.0,0.005328554939222632,0.007049650349581952,,,,
5051,0.001,adam,5052,82.2721266746521,0.0017220234895823116,0.0,0.004373704437237343,0.0060957279268196544,,,,
5052,0.001,adam,5053,82.28390645980835,0.0017056764827430133,0.0,0.005173732685039384,0.006879409167782397,,,,
5053,0.001,adam,5054,82.29488229751587,0.0017053289216919616,0.0,0.00396109542944662,0.0056664243511385815,,,,
5054,0.001,adam,5055,82.30878043174744,0.0017218944638742832,0.0,0.008759617228851243,0.010481511692725525,,,,
5055,0.001,adam,5056,82.31999850273132,0.001724648460456807,0.0,0.005021368337492408,0.006746016797949215,,,,
5056,0.001,adam,5057,82.33063626289368,0.001726439789327642,0.0,0.0049894890311389375,0.00671592882046658,,,,
5057,0.001,adam,5058,82.3425030708313,0.001718329609304961,0.0,0.004500043369613993,0.0062183729789189535,,,,
5058,0.001,adam,5059,82.35430455207825,0.0017430131809772081,0.0,0.009894349354861774,0.011637362535838983,,,,
5059,0.001,adam,5060,82.36472654342651,0.0017505221626519108,0.0,0.004285678370835286,0.006036200533487197,0.008321506897966856,0.0,0.005138575501476976,0.013460082399443832
5060,0.001,adam,5061,82.3878915309906,0.0017290789571846265,0.0,0.004315134676399891,0.006044213633584518,,,,
5061,0.001,adam,5062,82.40218496322632,0.0017408356294911006,0.0,0.005987193228392427,0.007728028857883528,,,,
5062,0.001,adam,5063,82.4298665523529,0.001759174390705646,0.0,0.004940022284350939,0.006699196675056585,,,,
5063,0.001,adam,5064,82.44240951538086,0.0017427207180275327,0.0,0.004181334300523261,0.005924055018550794,,,,
5064,0.001,adam,5065,82.46178269386292,0.0017393568562954018,0.0,0.0051437729019095536,0.006883129758204955,,,,
5065,0.001,adam,5066,82.47242474555969,0.0017421896395151389,0.0,0.00419915844147435,0.0059413480809894885,,,,
5066,0.001,adam,5067,82.48692870140076,0.0017529485912846584,0.0,0.0049388769912871635,0.006691825582571822,,,,
5067,0.001,adam,5068,82.50725841522217,0.0017565348404814751,0.0,0.006919601402490849,0.008676136242972324,,,,
5068,0.001,adam,5069,82.54394435882568,0.0017353854520350523,0.0,0.004930804673521205,0.006666190125556258,,,,
5069,0.001,adam,5070,82.56290674209595,0.00174001777032497,0.0,0.004212097978578068,0.005952115748903038,,,,
5070,0.001,adam,5071,82.57791495323181,0.0017465410319939217,0.0,0.0027694236126154666,0.004515964644609388,,,,
5071,0.001,adam,5072,82.599933385849,0.0017416544067278548,0.0,0.006963781311420987,0.008705435718148842,,,,
5072,0.001,adam,5073,82.61011719703674,0.0017502533461856695,0.0,0.006330656438004625,0.008080909784190295,,,,
5073,0.001,adam,5074,82.62257027626038,0.0017672264657955692,0.0,0.004762319216673688,0.006529545682469257,,,,
5074,0.001,adam,5075,82.64341568946838,0.00174579663851542,0.0,0.005735938902967512,0.007481735541482932,,,,
5075,0.001,adam,5076,82.6526210308075,0.0017463345737347793,0.0,0.007711879676714974,0.009458214250449752,,,,
5076,0.001,adam,5077,82.66383647918701,0.0017714949382507698,0.0,0.005001589622594246,0.006773084560845016,,,,
5077,0.001,adam,5078,82.67598295211792,0.0017327587803534909,0.0,0.006988850891554296,0.008721609671907786,,,,
5078,0.001,adam,5079,82.68707585334778,0.0017353220550895638,0.0,0.004548302832201423,0.006283624887290987,,,,
5079,0.001,adam,5080,82.71231055259705,0.0017606687230806012,0.0,0.004871362935246341,0.0066320316583269425,0.008197891203421646,0.0,0.005973474410545359,0.014171365613967006
5080,0.001,adam,5081,82.73935437202454,0.0017543995523080337,0.0,0.004682463793990229,0.006436863346298263,,,,
5081,0.001,adam,5082,82.75006532669067,0.0017229645681547836,0.0,0.004879287301760715,0.006602251869915499,,,,
5082,0.001,adam,5083,82.76374435424805,0.0017134362502008239,0.0,0.005095190616894593,0.006808626867095417,,,,
5083,0.001,adam,5084,82.77553057670593,0.0017165672868573304,0.0,0.00630756135148817,0.0080241286383455,,,,
5084,0.001,adam,5085,82.78687334060669,0.0017180124249819204,0.0,0.005220111975392918,0.006938124400374838,,,,
5085,0.001,adam,5086,82.79700636863708,0.00174739011675414,0.0,0.005969088523916342,0.007716478640670482,,,,
5086,0.001,adam,5087,82.80798959732056,0.0017481535693188925,0.0,0.006305521588051264,0.008053675157370157,,,,
5087,0.001,adam,5088,82.82691144943237,0.0017228977120067586,0.0,0.004655075450155412,0.00637797316216217,,,,
5088,0.001,adam,5089,82.83769297599792,0.0017413179831427868,0.0,0.004886405303118931,0.006627723286261718,,,,
5089,0.001,adam,5090,82.85082864761353,0.0017360651705378154,0.0,0.00394666865690513,0.005682733827442945,,,,
5090,0.001,adam,5091,82.86563372612,0.001706504201499416,0.0,0.006166428253629158,0.007872932455128575,,,,
5091,0.001,adam,5092,82.87566685676575,0.001722419566801912,0.0,0.006508772098198462,0.008231191665000373,,,,
5092,0.001,adam,5093,82.88992285728455,0.0017459096966984217,0.0,0.003876880036232537,0.0056227897329309585,,,,
5093,0.001,adam,5094,82.90240287780762,0.0017253053277685318,0.0,0.0056751494361412845,0.007400454763909816,,,,
5094,0.001,adam,5095,82.91191482543945,0.001708659391118951,0.0,0.005609942566258509,0.00731860195737746,,,,
5095,0.001,adam,5096,82.92672848701477,0.0017328166766559982,0.0,0.006404799228960848,0.008137615905616846,,,,
5096,0.001,adam,5097,82.93860864639282,0.0017306533616581363,0.0,0.004747286600854285,0.006477939962512421,,,,
5097,0.001,adam,5098,82.9490556716919,0.0017223386900328804,0.0,0.005941201835197981,0.007663540525230861,,,,
5098,0.001,adam,5099,82.95857644081116,0.0017163296742568486,0.0,0.00499273440921923,0.006709064083476079,,,,
5099,0.001,adam,5100,82.9816243648529,0.0017175210979666691,0.0,0.003973936814645066,0.005691457912611735,0.008319418003494821,0.0,0.00668197162425021,0.01500138962774503
5100,0.001,adam,5101,83.00178050994873,0.0017390452056118527,0.0,0.006004571697711081,0.007743616903322934,,,,
5101,0.001,adam,5102,83.01146697998047,0.0017287943897106393,0.0,0.006999787432563673,0.008728581822274312,,,,
5102,0.001,adam,5103,83.02112674713135,0.001727345456769598,0.0,0.004185092466895133,0.005912437923664731,,,,
5103,0.001,adam,5104,83.03239727020264,0.0017366254512152124,0.0,0.014026039081430722,0.015762664532645933,,,,
5104,0.001,adam,5105,83.0426082611084,0.0017246513761328883,0.0,0.006462923437565532,0.00818757481369842,,,,
5105,0.001,adam,5106,83.054514169693,0.0017137807804617439,0.0,0.00440001419643569,0.006113794976897433,,,,
5106,0.001,adam,5107,83.06468224525452,0.0017170238851090065,0.0,0.004149539016486781,0.005866562901595788,,,,
5107,0.001,adam,5108,83.08165121078491,0.0017232185386486117,0.0,0.01025661747481879,0.011979836013467401,,,,
5108,0.001,adam,5109,83.0966420173645,0.0017221915656148502,0.0,0.006814285850267264,0.008536477415882114,,,,
5109,0.001,adam,5110,83.10743474960327,0.001738733487218337,0.0,0.004088048672265067,0.005826782159483404,,,,
5110,0.001,adam,5111,83.12089443206787,0.0017491027338796923,0.0,0.005003416560615925,0.006752519294495617,,,,
5111,0.001,adam,5112,83.13555264472961,0.0017256823272855226,0.0,0.00673766744394628,0.008463349771231803,,,,
5112,0.001,adam,5113,83.16614437103271,0.0017307666401249172,0.0,0.00821935692638499,0.009950123566509907,,,,
5113,0.001,adam,5114,83.17578029632568,0.001735194339819151,0.0,0.0046723320202989305,0.006407526360118081,,,,
5114,0.001,adam,5115,83.18970465660095,0.0017243243977964396,0.0,0.00546780864536732,0.007192133043163759,,,,
5115,0.001,adam,5116,83.19901871681213,0.0017263699652464582,0.0,0.005753438570212859,0.007479808535459318,,,,
5116,0.001,adam,5117,83.20895528793335,0.0017458139316084607,0.0,0.007542876534142079,0.00928869046575054,,,,
5117,0.001,adam,5118,83.21835327148438,0.0017327857772347992,0.0,0.005730677960286061,0.00746346373752086,,,,
5118,0.001,adam,5119,83.22874975204468,0.001723352882965196,0.0,0.0067234116438848026,0.008446764526849998,,,,
5119,0.001,adam,5120,83.23869824409485,0.001735110075850847,0.0,0.007533698715075765,0.009268808790926612,0.008207617672333828,0.0,0.004873029793943978,0.013080647466277805
5120,0.001,adam,5121,83.26442408561707,0.0017349452334973088,0.0,0.009270566813532609,0.011005512047029917,,,,
5121,0.001,adam,5122,83.27520394325256,0.0017358877380957841,0.0,0.008257554731825632,0.009993442469921416,,,,
5122,0.001,adam,5123,83.28717494010925,0.0017287231782618985,0.0,0.006721062193852635,0.008449785372114533,,,,
5123,0.001,adam,5124,83.29987072944641,0.0017558100082662586,0.0,0.009931168582077349,0.011686978590343608,,,,
5124,0.001,adam,5125,83.31106638908386,0.0017370308009317065,0.0,0.007979705244410485,0.009716736045342192,,,,
5125,0.001,adam,5126,83.32177901268005,0.0017469770352022704,0.0,0.007440320952070739,0.00918729798727301,,,,
5126,0.001,adam,5127,83.33369517326355,0.0017660901829030919,0.0,0.00744707152109646,0.009213161703999552,,,,
5127,0.001,adam,5128,83.35303664207458,0.0017438379877751553,0.0,0.007680110031649941,0.009423948019425097,,,,
5128,0.001,adam,5129,83.36424565315247,0.001712770256594947,0.0,0.003980400939317171,0.0056931711959121185,,,,
5129,0.001,adam,5130,83.375004529953,0.0017704271398680405,0.0,0.006614726767970808,0.008385153907838849,,,,
5130,0.001,adam,5131,83.38540196418762,0.0017418390087912627,0.0,0.007740831717844709,0.009482670726635972,,,,
5131,0.001,adam,5132,83.39570045471191,0.001699176395172543,0.0,0.004550861316747494,0.006250037711920038,,,,
5132,0.001,adam,5133,83.40870261192322,0.001736966503985729,0.0,0.007093497859303114,0.008830464363288843,,,,
5133,0.001,adam,5134,83.4196150302887,0.001722203619349116,0.0,0.006578807150637439,0.008301010769986555,,,,
5134,0.001,adam,5135,83.43193793296814,0.0017136150050993664,0.0,0.003940716415928752,0.005654331421028118,,,,
5135,0.001,adam,5136,83.44355869293213,0.001714594872287395,0.0,0.006661828723633736,0.008376423595921131,,,,
5136,0.001,adam,5137,83.45447587966919,0.001712095228672733,0.0,0.006092286189302682,0.007804381417975415,,,,
5137,0.001,adam,5138,83.48018980026245,0.001704730642756055,0.0,0.005040384537883175,0.00674511518063923,,,,
5138,0.001,adam,5139,83.51124691963196,0.0017079873583935152,0.0,0.0072940821207903685,0.009002069479183883,,,,
5139,0.001,adam,5140,83.52298498153687,0.0017010711193491865,0.0,0.0050629185867404,0.006763989706089586,0.008229564167005763,0.0,0.006260372601612241,0.014489936768618004
5140,0.001,adam,5141,83.54338049888611,0.0017103435575774096,0.0,0.0059660280355419305,0.00767637159311934,,,,
5141,0.001,adam,5142,83.5558876991272,0.0017072029264708045,0.0,0.005567021015492303,0.007274223941963107,,,,
5142,0.001,adam,5143,83.56812596321106,0.0017013767100524534,0.0,0.00577867044672849,0.007480047156780943,,,,
5143,0.001,adam,5144,83.58050608634949,0.0017152303675353313,0.0,0.006801300953709151,0.008516531321244483,,,,
5144,0.001,adam,5145,83.59064793586731,0.0017225841946788623,0.0,0.006212532987320856,0.007935117181999718,,,,
5145,0.001,adam,5146,83.60219955444336,0.001725215148431938,0.0,0.006500408454315462,0.0082256236027474,,,,
5146,0.001,adam,5147,83.61411643028259,0.0017206416133242438,0.0,0.007242828450358768,0.008963470063683011,,,,
5147,0.001,adam,5148,83.62494277954102,0.0017211965472218468,0.0,0.006852324977522009,0.008573521524743857,,,,
5148,0.001,adam,5149,83.63811540603638,0.0017158885564925405,0.0,0.00412535050792309,0.005841239064415631,,,,
5149,0.001,adam,5150,83.67040705680847,0.0017114814810786359,0.0,0.004674219261940935,0.0063857007430195714,,,,
5150,0.001,adam,5151,83.69241189956665,0.0017012191089022135,0.0,0.007612902916133218,0.009314122025035431,,,,
5151,0.001,adam,5152,83.7024598121643,0.0016916100596257757,0.0,0.0057974253977337836,0.00748903545735956,,,,
5152,0.001,adam,5153,83.71573853492737,0.0017087745412152071,0.0,0.0058227510440228706,0.0075315255852380775,,,,
5153,0.001,adam,5154,83.72714281082153,0.0017041501364510711,0.0,0.005475117563012439,0.007179267699463509,,,,
5154,0.001,adam,5155,83.73693132400513,0.0016854664209906044,0.0,0.0054921404526813945,0.007177606873671999,,,,
5155,0.001,adam,5156,83.74903464317322,0.0016924299717835285,0.0,0.0033260498407625847,0.005018479812546113,,,,
5156,0.001,adam,5157,83.75995421409607,0.0017029043066160814,0.0,0.0037984285806904787,0.00550133288730656,,,,
5157,0.001,adam,5158,83.77301526069641,0.0017094675831537175,0.0,0.0038871455822948944,0.005596613165448612,,,,
5158,0.001,adam,5159,83.7834722995758,0.0017075211353029432,0.0,0.0043273354776929614,0.006034856612995905,,,,
5159,0.001,adam,5160,83.79679989814758,0.001712620643354188,0.0,0.00806590378647043,0.009778524429824617,0.0081905460429654,0.0,0.008446320720268671,0.016636866763234073
5160,0.001,adam,5161,83.8132483959198,0.0017127552447601428,0.0,0.008318068164851469,0.010030823409611611,,,,
5161,0.001,adam,5162,83.8246078491211,0.0017153897722914952,0.0,0.008014146780021412,0.009729536552312908,,,,
5162,0.001,adam,5163,83.83377504348755,0.0017449202181897003,0.0,0.007340286409632367,0.009085206627822067,,,,
5163,0.001,adam,5164,83.84312653541565,0.0017138512540290994,0.0,0.004298969191444532,0.006012820445473631,,,,
5164,0.001,adam,5165,83.86048197746277,0.0016952323346649785,0.0,0.004553280710601641,0.006248513045266619,,,,
5165,0.001,adam,5166,83.87608027458191,0.0017250794661099404,0.0,0.006181101579105458,0.007906181045215397,,,,
5166,0.001,adam,5167,83.89276170730591,0.0017269834202769893,0.0,0.004883904141719763,0.006610887561996752,,,,
5167,0.001,adam,5168,83.90253901481628,0.001696146446366143,0.0,0.004236839419666063,0.005932985866032206,,,,
5168,0.001,adam,5169,83.91515398025513,0.0017046134231300382,0.0,0.006323001616121498,0.008027615039251536,,,,
5169,0.001,adam,5170,83.93171763420105,0.0017082959448352533,0.0,0.006916097943179264,0.008624393888014517,,,,
5170,0.001,adam,5171,83.94183993339539,0.0017013364294878534,0.0,0.0046064498017986885,0.006307786231286542,,,,
5171,0.001,adam,5172,83.95964050292969,0.0017148005391563945,0.0,0.005121140980012583,0.006835941519168978,,,,
5172,0.001,adam,5173,83.98318338394165,0.0017029637933633995,0.0,0.004333952829046729,0.0060369166224101285,,,,
5173,0.001,adam,5174,83.99272227287292,0.0017013770813689598,0.0,0.004807518688436095,0.0065088957698050546,,,,
5174,0.001,adam,5175,84.00949025154114,0.0016929654727126171,0.0,0.005956815179231037,0.007649780651943654,,,,
5175,0.001,adam,5176,84.02381205558777,0.0016990288741276847,0.0,0.005903372607719941,0.007602401481847626,,,,
5176,0.001,adam,5177,84.03482389450073,0.001701590953298116,0.0,0.005665288332741209,0.007366879286039325,,,,
5177,0.001,adam,5178,84.0445773601532,0.0017102659565043923,0.0,0.005106243559597695,0.006816509516102087,,,,
5178,0.001,adam,5179,84.05408692359924,0.0017157516848226632,0.0,0.004471760372275292,0.006187512057097956,,,,
5179,0.001,adam,5180,84.06504893302917,0.0017006718951699663,0.0,0.003447920880982866,0.005148592776152832,0.008300956952846918,0.0,0.004611452473047928,0.012912409425894847
5180,0.001,adam,5181,84.08505344390869,0.0017091525003047946,0.0,0.00602105366767411,0.007730206167978904,,,,
5181,0.001,adam,5182,84.09508037567139,0.001693290997615641,0.0,0.004919396407094175,0.006612687404709816,,,,
5182,0.001,adam,5183,84.10670924186707,0.0016929997091220774,0.0,0.009872935784074898,0.011565935493196976,,,,
5183,0.001,adam,5184,84.11982798576355,0.001689581550648922,0.0,0.011433101165066972,0.013122682715715893,,,,
5184,0.001,adam,5185,84.14626383781433,0.0016796762181967785,0.0,0.00593636426897815,0.007616040487174928,,,,
5185,0.001,adam,5186,84.1559545993805,0.0016832422095602838,0.0,0.007878544311631413,0.009561786521191697,,,,
5186,0.001,adam,5187,84.16839170455933,0.001684067780163034,0.0,0.007072191653453917,0.00875625943361695,,,,
5187,0.001,adam,5188,84.18046832084656,0.001686273954121082,0.0,0.004439491190748081,0.006125765144869163,,,,
5188,0.001,adam,5189,84.19448041915894,0.001683685997522566,0.0,0.0042495071580322666,0.005933193155554833,,,,
5189,0.001,adam,5190,84.20439648628235,0.0017144299763778334,0.0,0.006131527838024912,0.007845957814402746,,,,
5190,0.001,adam,5191,84.2146155834198,0.001688413572970385,0.0,0.003939472322563463,0.0056278858955338485,,,,
5191,0.001,adam,5192,84.22502303123474,0.0016801375872969194,0.0,0.004402617432160356,0.006082755019457276,,,,
5192,0.001,adam,5193,84.2357029914856,0.0016929900990201024,0.0,0.01785893157952782,0.019551921678547923,,,,
5193,0.001,adam,5194,84.25028347969055,0.001691877858740821,0.0,0.005248715163710054,0.0069405930224508755,,,,
5194,0.001,adam,5195,84.26206135749817,0.0016823414262495328,0.0,0.004994684609942684,0.006677026036192217,,,,
5195,0.001,adam,5196,84.274484872818,0.001700342907702794,0.0,0.0049946447125777385,0.006694987620280533,,,,
5196,0.001,adam,5197,84.28585147857666,0.0016980281501038838,0.0,0.010676124818595542,0.012374152968699426,,,,
5197,0.001,adam,5198,84.29776763916016,0.0017049045065526838,0.0,0.007514338476666743,0.009219242983219427,,,,
5198,0.001,adam,5199,84.30765986442566,0.001751655842251802,0.0,0.006110808830692413,0.007862464672944216,,,,
5199,0.001,adam,5200,84.31674218177795,0.001735443012402686,0.0,0.005918459278554699,0.0076539022909573855,0.008328997251065269,0.0,0.006189736961480195,0.014518734212545464
5200,0.001,adam,5201,84.33963203430176,0.0017064997534284396,0.0,0.006034501733889967,0.007741001487318407,,,,
5201,0.001,adam,5202,84.34986639022827,0.0017216192676914213,0.0,0.006217341610758133,0.007938960878449555,,,,
5202,0.001,adam,5203,84.3612585067749,0.0017131728837443635,0.0,0.008424647567023233,0.010137820450767596,,,,
5203,0.001,adam,5204,84.37354493141174,0.001742845926654439,0.0,0.007340254630724784,0.009083100557379223,,,,
5204,0.001,adam,5205,84.3870632648468,0.0017051471166816359,0.0,0.004572945982659913,0.006278093099341549,,,,
5205,0.001,adam,5206,84.39856457710266,0.0017208851563732931,0.0,0.007020663388459994,0.008741548544833288,,,,
5206,0.001,adam,5207,84.41400027275085,0.0016958125204604726,0.0,0.004976828009156974,0.006672640529617446,,,,
5207,0.001,adam,5208,84.42575407028198,0.0017400382995737082,0.0,0.004834124651291853,0.006574162950865561,,,,
5208,0.001,adam,5209,84.4370653629303,0.0017113078276783447,0.0,0.00476974008917312,0.006481047916851465,,,,
5209,0.001,adam,5210,84.45298290252686,0.001692144349601422,0.0,0.006251634969636035,0.007943779319237457,,,,
5210,0.001,adam,5211,84.46356701850891,0.0016843195497481809,0.0,0.0043035192929871844,0.0059878388427353655,,,,
5211,0.001,adam,5212,84.47332668304443,0.0016964850980683579,0.0,0.007197820076212974,0.008894305174281332,,,,
5212,0.001,adam,5213,84.48614311218262,0.0016972979353299272,0.0,0.007862296093634433,0.00955959402896436,,,,
5213,0.001,adam,5214,84.50274014472961,0.001691693894060441,0.0,0.007478258463590513,0.009169952357650954,,,,
5214,0.001,adam,5215,84.5149154663086,0.001729541979375734,0.0,0.006103435831172038,0.007832977810547773,,,,
5215,0.001,adam,5216,84.5295729637146,0.001749084636411632,0.0,0.00492690740530303,0.0066759920417146625,,,,
5216,0.001,adam,5217,84.53978109359741,0.0016858016989361943,0.0,0.00608514221788709,0.007770943916823285,,,,
5217,0.001,adam,5218,84.56622862815857,0.0017617334768479848,0.0,0.007837057403534645,0.009598790880382629,,,,
5218,0.001,adam,5219,84.5769612789154,0.0017357842421517385,0.0,0.010557257429442548,0.012293041671594286,,,,
5219,0.001,adam,5220,84.58691811561584,0.0017073331911765153,0.0,0.010545503739029512,0.012252836930206028,0.008183919632659157,0.0,0.005788631673133423,0.01397255130579258
5220,0.001,adam,5221,84.61066460609436,0.0016947097360773327,0.0,0.00583952580844795,0.007534235544525283,,,,
5221,0.001,adam,5222,84.62229824066162,0.0017021054313218409,0.0,0.0054393716876336125,0.007141477118955453,,,,
5222,0.001,adam,5223,84.63585829734802,0.001696635589943269,0.0,0.003592671801721565,0.005289307391664834,,,,
5223,0.001,adam,5224,84.648686170578,0.0017002007442587937,0.0,0.006575525912303842,0.008275726656562636,,,,
5224,0.001,adam,5225,84.65885424613953,0.001690512536886418,0.0,0.005522348232750812,0.0072128607696372304,,,,
5225,0.001,adam,5226,84.67055463790894,0.0016789778938847049,0.0,0.004534773375149558,0.006213751269034263,,,,
5226,0.001,adam,5227,84.6812059879303,0.0016781550715352664,0.0,0.007807932435095656,0.009486087506630922,,,,
5227,0.001,adam,5228,84.69200420379639,0.001749084782039652,0.0,0.006102990147357495,0.007852074929397147,,,,
5228,0.001,adam,5229,84.70662307739258,0.0017179446505095042,0.0,0.006209055220027791,0.007926999870537296,,,,
5229,0.001,adam,5230,84.71669697761536,0.0017076065747401818,0.0,0.004970150603445994,0.006677757178186176,,,,
5230,0.001,adam,5231,84.72923398017883,0.0017655152119957038,0.0,0.00758519667968364,0.009350711891679344,,,,
5231,0.001,adam,5232,84.74058628082275,0.001695972839509421,0.0,0.0049247403672191365,0.006620713206728557,,,,
5232,0.001,adam,5233,84.7559802532196,0.0016895921223857404,0.0,0.005766796360455099,0.00745638848284084,,,,
5233,0.001,adam,5234,84.7703332901001,0.0017065416661010868,0.0,0.004846377395036952,0.006552919061138038,,,,
5234,0.001,adam,5235,84.78142046928406,0.001704578770122504,0.0,0.0038141803580895146,0.005518759128212019,,,,
5235,0.001,adam,5236,84.79718470573425,0.0016828563194244825,0.0,0.005033422026693326,0.006716278346117808,,,,
5236,0.001,adam,5237,84.80775594711304,0.0016844240781999033,0.0,0.0063559730445067,0.008040397122706603,,,,
5237,0.001,adam,5238,84.8231725692749,0.0017143111649880005,0.0,0.004508674504459958,0.006222985669447958,,,,
5238,0.001,adam,5239,84.83892560005188,0.001718403524610454,0.0,0.004643739035064552,0.0063621425596750054,,,,
5239,0.001,adam,5240,84.855215549469,0.0016811060409126846,0.0,0.004312808940223671,0.005993914981136356,0.008078183177208187,0.0,0.004079492108040719,0.012157675285248906
5240,0.001,adam,5241,84.87492656707764,0.0016962534011035597,0.0,0.005021843145158883,0.006718096546262443,,,,
5241,0.001,adam,5242,84.88491535186768,0.0016817900188855729,0.0,0.0034454638871838647,0.005127253906069437,,,,
5242,0.001,adam,5243,84.89541339874268,0.0016789095346139244,0.0,0.005307071021761194,0.006985980556375119,,,,
5243,0.001,adam,5244,84.90779113769531,0.0016708510759457361,0.0,0.006824609703512558,0.008495460779458295,,,,
5244,0.001,adam,5245,84.92634081840515,0.0016854076585759025,0.0,0.0038443456831903445,0.005529753341766247,,,,
5245,0.001,adam,5246,84.93781805038452,0.0016871592661710992,0.0,0.004409422970197936,0.006096582236369035,,,,
5246,0.001,adam,5247,84.95816373825073,0.0016752144189015195,0.0,0.006222181476381887,0.007897395895283406,,,,
5247,0.001,adam,5248,84.9690899848938,0.0016598839164063807,0.0,0.007439065559572735,0.009098949475979116,,,,
5248,0.001,adam,5249,84.99511098861694,0.001668734006102701,0.0,0.006230428751110442,0.007899162757213142,,,,
5249,0.001,adam,5250,85.00729084014893,0.0016900714696757883,0.0,0.003474071738825822,0.0051641432085016105,,,,
5250,0.001,adam,5251,85.02118802070618,0.001689403017670539,0.0,0.003914865571904735,0.005604268589575275,,,,
5251,0.001,adam,5252,85.03204679489136,0.001687775935575595,0.0,0.004017261067745451,0.005705037003321046,,,,
5252,0.001,adam,5253,85.04147815704346,0.001690697804776814,0.0,0.011337517174523606,0.01302821497930042,,,,
5253,0.001,adam,5254,85.05317115783691,0.0017063708727731743,0.0,0.004088593156190302,0.005794964028963476,,,,
5254,0.001,adam,5255,85.0634868144989,0.0016968284272455925,0.0,0.004059712764565195,0.005756541191810787,,,,
5255,0.001,adam,5256,85.07321834564209,0.0016869521992861625,0.0,0.005563032956671493,0.007249985155957655,,,,
5256,0.001,adam,5257,85.09286570549011,0.0016858855997299571,0.0,0.005390348320211995,0.007076233919941952,,,,
5257,0.001,adam,5258,85.10944747924805,0.0016941380298046461,0.0,0.004602093414901175,0.006296231444705821,,,,
5258,0.001,adam,5259,85.12057518959045,0.001696019142025931,0.0,0.003880400665291474,0.005576419807317405,,,,
5259,0.001,adam,5260,85.13312220573425,0.0017295216150952177,0.0,0.0048959375586225375,0.006625459173717756,0.008092024106168126,0.0,0.0069993578729827645,0.01509138197915089
5260,0.001,adam,5261,85.1581597328186,0.001723665001518404,0.0,0.006826291962781633,0.008549956964300037,,,,
5261,0.001,adam,5262,85.18505001068115,0.001696449832732425,0.0,0.0069392986912253955,0.00863574852395782,,,,
5262,0.001,adam,5263,85.19537878036499,0.0016908882052660812,0.0,0.006913839768190723,0.008604727973456804,,,,
5263,0.001,adam,5264,85.20787739753723,0.0016974761999679346,0.0,0.0037453234398741957,0.005442799639842131,,,,
5264,0.001,adam,5265,85.21879267692566,0.0017011293300425012,0.0,0.0042979216465999035,0.005999050976642405,,,,
5265,0.001,adam,5266,85.23561644554138,0.0016886716436771492,0.0,0.004945369251153063,0.0066340408948302124,,,,
5266,0.001,adam,5267,85.24693965911865,0.0016766276119039036,0.0,0.01106950198202658,0.012746129593930485,,,,
5267,0.001,adam,5268,85.25756025314331,0.0016714894263511477,0.0,0.0040255720033178875,0.005697061429669035,,,,
5268,0.001,adam,5269,85.27218413352966,0.0016699438803786978,0.0,0.0034070932494445474,0.005077037129823245,,,,
5269,0.001,adam,5270,85.28367638587952,0.0016686072849392923,0.0,0.0037024304771106145,0.005371037762049907,,,,
5270,0.001,adam,5271,85.29977655410767,0.0016753385946436366,0.0,0.00544217301552165,0.007117511610165286,,,,
5271,0.001,adam,5272,85.3139398097992,0.0016843640407506863,0.0,0.003998561886878789,0.005682925927629475,,,,
5272,0.001,adam,5273,85.32504320144653,0.0016843657555399396,0.0,0.003753068175923433,0.005437433931463373,,,,
5273,0.001,adam,5274,85.34266972541809,0.0016709410277010628,0.0,0.004290309876774974,0.005961250904476037,,,,
5274,0.001,adam,5275,85.35562634468079,0.0016868361144508548,0.0,0.005953444501955206,0.007640280616406061,,,,
5275,0.001,adam,5276,85.36676669120789,0.001663778810312103,0.0,0.0060078632204775256,0.007671642030789629,,,,
5276,0.001,adam,5277,85.37791132926941,0.001664374733859952,0.0,0.004778224618249947,0.006442599352109899,,,,
5277,0.001,adam,5278,85.38906764984131,0.0016488958260326605,0.0,0.003600902220574373,0.005249798046607033,,,,
5278,0.001,adam,5279,85.4038667678833,0.0016494692648588568,0.0,0.004002645518883498,0.005652114783742355,,,,
5279,0.001,adam,5280,85.42122793197632,0.0016520622963020273,0.0,0.00566351863319485,0.007315580929496877,0.008098625540397229,0.0,0.004416541739506844,0.012515167279904073
5280,0.001,adam,5281,85.44324493408203,0.0016579652201292147,0.0,0.005292665839284396,0.00695063105941361,,,,
5281,0.001,adam,5282,85.45881462097168,0.0016647457153556883,0.0,0.007086574449646591,0.00875132016500228,,,,
5282,0.001,adam,5283,85.46945428848267,0.0016858911027012235,0.0,0.009310625493305958,0.010996516596007182,,,,
5283,0.001,adam,5284,85.48346900939941,0.0016788246539822186,0.0,0.009196980978442381,0.0108758056324246,,,,
5284,0.001,adam,5285,85.49564456939697,0.0016901472140491993,0.0,0.00614190127782483,0.007832048491874029,,,,
5285,0.001,adam,5286,85.50556206703186,0.001663903693564669,0.0,0.004154260627301636,0.005818164320866305,,,,
5286,0.001,adam,5287,85.5178816318512,0.0016690537799084195,0.0,0.005987734545700899,0.0076567883256093185,,,,
5287,0.001,adam,5288,85.52897953987122,0.0016717282701613771,0.0,0.010942331902593017,0.012614060172754394,,,,
5288,0.001,adam,5289,85.54046893119812,0.001684776276057873,0.0,0.014929410786584312,0.016614187062642186,,,,
5289,0.001,adam,5290,85.55156970024109,0.0016699023688947618,0.0,0.010596568453031903,0.012266470821926664,,,,
5290,0.001,adam,5291,85.56285214424133,0.0016621764326440525,0.0,0.007062291663901618,0.00872446809654567,,,,
5291,0.001,adam,5292,85.58314657211304,0.0016525217667503458,0.0,0.005531541068130603,0.007184062834880949,,,,
5292,0.001,adam,5293,85.59618616104126,0.001665560833992502,0.0,0.003947371796351127,0.005612932630343629,,,,
5293,0.001,adam,5294,85.60621762275696,0.001649324820122319,0.0,0.004887826602113874,0.006537151422236193,,,,
5294,0.001,adam,5295,85.61873936653137,0.0016518180811589994,0.0,0.009112206274922968,0.010764024356081967,,,,
5295,0.001,adam,5296,85.63285398483276,0.0016480287672305364,0.0,0.005559905509420452,0.007207934276650989,,,,
5296,0.001,adam,5297,85.64649224281311,0.00165284675280421,0.0,0.0035013912689939217,0.005154238021798131,,,,
5297,0.001,adam,5298,85.65717840194702,0.0016551848250774628,0.0,0.005153373015532678,0.00680855784061014,,,,
5298,0.001,adam,5299,85.67331290245056,0.0016579895968299673,0.0,0.004711102105156557,0.006369091701986525,,,,
5299,0.001,adam,5300,85.6917667388916,0.0016478858142241596,0.0,0.004645510433461902,0.0062933962476860615,0.007995514781517886,0.0,0.003859559049347335,0.011855073830865221
5300,0.001,adam,5301,85.71470904350281,0.001657630869602305,0.0,0.004560189051698306,0.006217819921300612,,,,
5301,0.001,adam,5302,85.72480726242065,0.001667011254064303,0.0,0.007279102629718681,0.008946113883782983,,,,
5302,0.001,adam,5303,85.7364456653595,0.0016506152355187577,0.0,0.0074341269472521,0.009084742182770857,,,,
5303,0.001,adam,5304,85.7475802898407,0.001671602259042133,0.0,0.007783334726539655,0.009454936985581789,,,,
5304,0.001,adam,5305,85.76045942306519,0.0016631566547590823,0.0,0.005882337185021356,0.007545493839780438,,,,
5305,0.001,adam,5306,85.79543900489807,0.0016435944206813528,0.0,0.009573647593706219,0.011217242014387572,,,,
5306,0.001,adam,5307,85.81657218933105,0.0016337436253500758,0.0,0.005856464716970276,0.007490208342320352,,,,
5307,0.001,adam,5308,85.83175373077393,0.0016647471641958345,0.0,0.00788663418233732,0.009551381346533156,,,,
5308,0.001,adam,5309,85.84220623970032,0.0016741892321513116,0.0,0.006546746231507007,0.008220935463658319,,,,
5309,0.001,adam,5310,85.85200524330139,0.0016807996710954606,0.0,0.004754769081329776,0.006435568752425237,,,,
5310,0.001,adam,5311,85.86173272132874,0.0016692279568288218,0.0,0.005884476420421341,0.007553704377250163,,,,
5311,0.001,adam,5312,85.87757897377014,0.0016927865665521753,0.0,0.005572725521309515,0.00726551208786169,,,,
5312,0.001,adam,5313,85.88897562026978,0.0016577425441243602,0.0,0.007820432868944335,0.009478175413068696,,,,
5313,0.001,adam,5314,85.89818167686462,0.0016963196832029523,0.0,0.009309998476247172,0.011006318159450124,,,,
5314,0.001,adam,5315,85.91235494613647,0.001651495909741582,0.0,0.007263214150040965,0.008914710059782548,,,,
5315,0.001,adam,5316,85.92387318611145,0.0017026685555236608,0.0,0.00479969783210011,0.006502366387623771,,,,
5316,0.001,adam,5317,85.93412280082703,0.0016558028334769913,0.0,0.00525336185557844,0.006909164689055431,,,,
5317,0.001,adam,5318,85.94435954093933,0.0016782505552154303,0.0,0.011072990693110542,0.012751241248325973,,,,
5318,0.001,adam,5319,85.96591997146606,0.00168762741570681,0.0,0.01516786783297847,0.016855495248685282,,,,
5319,0.001,adam,5320,85.97655153274536,0.0016704460533725559,0.0,0.012209199543652866,0.013879645597025422,0.008055628637141288,0.0,0.006248806389329297,0.014304435026470585
5320,0.001,adam,5321,86.00548219680786,0.0016855695697625234,0.0,0.00533569925200066,0.007021268821763183,,,,
5321,0.001,adam,5322,86.01966524124146,0.0017088895633388126,0.0,0.0038785289497015782,0.005587418513040391,,,,
5322,0.001,adam,5323,86.02980327606201,0.0016792700016932693,0.0,0.008388173945862932,0.0100674439475562,,,,
5323,0.001,adam,5324,86.04174041748047,0.0016884625246424612,0.0,0.010606261605929973,0.012294724130572435,,,,
5324,0.001,adam,5325,86.05179286003113,0.0017041007338372937,0.0,0.00951203905490139,0.011216139788738684,,,,
5325,0.001,adam,5326,86.0671865940094,0.001734153647916145,0.0,0.005265525059603097,0.006999678707519242,,,,
5326,0.001,adam,5327,86.07735276222229,0.0016857748816870959,0.0,0.00505857030191703,0.0067443451836041255,,,,
5327,0.001,adam,5328,86.0921151638031,0.001684882251200071,0.0,0.005795123573745591,0.007480005824945662,,,,
5328,0.001,adam,5329,86.10798263549805,0.0016626863061460198,0.0,0.00747518051974082,0.00913786682588684,,,,
5329,0.001,adam,5330,86.11963248252869,0.0016582171782399148,0.0,0.008253056299690895,0.00991127347793081,,,,
5330,0.001,adam,5331,86.13076138496399,0.001653154183119573,0.0,0.007204387526841938,0.008857541709961511,,,,
5331,0.001,adam,5332,86.14128184318542,0.0016579475038512954,0.0,0.006044227912477057,0.007702175416328352,,,,
5332,0.001,adam,5333,86.16139125823975,0.0016647176094957165,0.0,0.003955040045147087,0.005619757654642804,,,,
5333,0.001,adam,5334,86.17166638374329,0.0016659213044226406,0.0,0.003060583007586015,0.004726504312008656,,,,
5334,0.001,adam,5335,86.1823844909668,0.0016608726119794128,0.0,0.007242321069047933,0.008903193681027346,,,,
5335,0.001,adam,5336,86.20574426651001,0.0016537095941899051,0.0,0.0053646497204748594,0.007018359314664765,,,,
5336,0.001,adam,5337,86.21505761146545,0.0016429075049434238,0.0,0.0036135613232903346,0.005256468828233758,,,,
5337,0.001,adam,5338,86.22674489021301,0.001693791803316163,0.0,0.0038242081522143244,0.005517999955530487,,,,
5338,0.001,adam,5339,86.2391505241394,0.0017117978163700353,0.0,0.008944625908891349,0.010656423725261384,,,,
5339,0.001,adam,5340,86.24946022033691,0.001648093610646697,0.0,0.011845332236040448,0.013493425846687144,0.008237463070715432,0.0,0.009958193683141502,0.018195656753856933
5340,0.001,adam,5341,86.26763772964478,0.001701279013301471,0.0,0.009669220833956164,0.011370499847257635,,,,
5341,0.001,adam,5342,86.27815866470337,0.0016762020077820403,0.0,0.00575152074682356,0.0074277227546056005,,,,
5342,0.001,adam,5343,86.28871703147888,0.0016503928583809632,0.0,0.003821168689176354,0.005471561547557317,,,,
5343,0.001,adam,5344,86.3190746307373,0.001652074645322155,0.0,0.006895731583965581,0.008547806229287736,,,,
5344,0.001,adam,5345,86.33099961280823,0.0016626876293312377,0.0,0.0074465973870823845,0.009109285016413622,,,,
5345,0.001,adam,5346,86.3406708240509,0.0016441450104386455,0.0,0.00462682023489936,0.006270965245338005,,,,
5346,0.001,adam,5347,86.35084247589111,0.0016409431809934062,0.0,0.003373961072261349,0.0050149042532547546,,,,
5347,0.001,adam,5348,86.36020302772522,0.0016591228572278734,0.0,0.006667463692113834,0.008326586549341708,,,,
5348,0.001,adam,5349,86.37593173980713,0.0016485573326087482,0.0,0.008784339686303053,0.010432897018911801,,,,
5349,0.001,adam,5350,86.38645434379578,0.0016358422944303445,0.0,0.008609155093594922,0.010244997388025267,,,,
5350,0.001,adam,5351,86.39783930778503,0.001643985455486573,0.0,0.006736944533341292,0.008380929988827866,,,,
5351,0.001,adam,5352,86.40799689292908,0.0016383146035256035,0.0,0.005103436537992916,0.00674175114151852,,,,
5352,0.001,adam,5353,86.41779065132141,0.001658453387611774,0.0,0.0049710597093094566,0.006629513096921231,,,,
5353,0.001,adam,5354,86.43079042434692,0.001659287946638564,0.0,0.011493167897272262,0.013152455843910825,,,,
5354,0.001,adam,5355,86.44184803962708,0.001643157620642757,0.0,0.0068154500319466795,0.008458607652589437,,,,
5355,0.001,adam,5356,86.45087122917175,0.0016527940507492101,0.0,0.004194185661926806,0.005846979712676017,,,,
5356,0.001,adam,5357,86.46252417564392,0.0016682469084508228,0.0,0.007691840562923038,0.009360087471373861,,,,
5357,0.001,adam,5358,86.47457647323608,0.0016421835624374297,0.0,0.0058376933703044726,0.007479876932741903,,,,
5358,0.001,adam,5359,86.48890900611877,0.001633596082519956,0.0,0.005871201146458462,0.007504797228978418,,,,
5359,0.001,adam,5360,86.49800872802734,0.0016588781888759883,0.0,0.007399207824050301,0.009058086012926288,0.008021969807845147,0.0,0.006884435975249558,0.014906405783094705
5360,0.001,adam,5361,86.51909279823303,0.0016352602532862437,0.0,0.006282704022469089,0.007917964275755333,,,,
5361,0.001,adam,5362,86.53018021583557,0.0016679821257172757,0.0,0.012091216735725307,0.013759198861442582,,,,
5362,0.001,adam,5363,86.5457603931427,0.001642798980177644,0.0,0.004401816769503554,0.006044615749681198,,,,
5363,0.001,adam,5364,86.55686068534851,0.0016578582886974055,0.0,0.00712962042942164,0.008787478718119046,,,,
5364,0.001,adam,5365,86.56797885894775,0.0016443964749186417,0.0,0.0060117494462953456,0.0076561459212139875,,,,
5365,0.001,adam,5366,86.5787079334259,0.0016477463380842677,0.0,0.004821766743422035,0.006469513081506302,,,,
5366,0.001,adam,5367,86.59189891815186,0.001643313800053728,0.0,0.006137189336897742,0.00778050313695147,,,,
5367,0.001,adam,5368,86.60268807411194,0.0016621896823687137,0.0,0.004637204991863019,0.006299394674231733,,,,
5368,0.001,adam,5369,86.61288070678711,0.0016830240236690203,0.0,0.006898892401440692,0.008581916425109712,,,,
5369,0.001,adam,5370,86.62846112251282,0.0016862666661937662,0.0,0.0074041200634014604,0.009090386729595227,,,,
5370,0.001,adam,5371,86.64453196525574,0.0016700025660329456,0.0,0.006974682505916157,0.008644685071949102,,,,
5371,0.001,adam,5372,86.65499448776245,0.001713090784400266,0.0,0.008553674954670298,0.010266765739070564,,,,
5372,0.001,adam,5373,86.66478276252747,0.0016621451070403838,0.0,0.004746997960378441,0.006409143067418825,,,,
5373,0.001,adam,5374,86.6741292476654,0.0016474410999047433,0.0,0.005779878047051854,0.007427319146956598,,,,
5374,0.001,adam,5375,86.68345832824707,0.001628756333007778,0.0,0.0035708328586958903,0.005199589191703668,,,,
5375,0.001,adam,5376,86.69437909126282,0.0016607569423195767,0.0,0.00727757016890711,0.008938327111226687,,,,
5376,0.001,adam,5377,86.70374894142151,0.0016834919326624775,0.0,0.010071796650027776,0.011755288582690253,,,,
5377,0.001,adam,5378,86.7137246131897,0.001704764892734933,0.0,0.007328511511607938,0.009033276404342871,,,,
5378,0.001,adam,5379,86.7263457775116,0.0016869859620850787,0.0,0.006069291809016111,0.00775627777110119,,,,
5379,0.001,adam,5380,86.73718929290771,0.0016712004825090668,0.0,0.009462363366988361,0.011133563849497428,0.00797793988575322,0.0,0.01342924618404814,0.02140718606980136
5380,0.001,adam,5381,86.7610182762146,0.001672493068094173,0.0,0.01264239044343569,0.014314883511529864,,,,
5381,0.001,adam,5382,86.77236557006836,0.0016852796692068933,0.0,0.008320887309712558,0.010006166978919451,,,,
5382,0.001,adam,5383,86.78439998626709,0.0016461669446846368,0.0,0.004429716227439024,0.0060758831721236615,,,,
5383,0.001,adam,5384,86.79568338394165,0.001679747375942712,0.0,0.007191615924984765,0.008871363300927478,,,,
5384,0.001,adam,5385,86.82588744163513,0.001678506219063956,0.0,0.011753021565230812,0.013431527784294768,,,,
5385,0.001,adam,5386,86.83588314056396,0.0016877655039333342,0.0,0.005866056367664264,0.007553821871597598,,,,
5386,0.001,adam,5387,86.8491735458374,0.0016328024500832888,0.0,0.004211023792647371,0.00584382624273066,,,,
5387,0.001,adam,5388,86.85957741737366,0.0016939510236474154,0.0,0.006741772634223803,0.008435723657871218,,,,
5388,0.001,adam,5389,86.87266063690186,0.0016618251321261883,0.0,0.006346829334969456,0.008008654467095644,,,,
5389,0.001,adam,5390,86.88585543632507,0.0016637522202464102,0.0,0.004642065252514831,0.006305817472761242,,,,
5390,0.001,adam,5391,86.90307521820068,0.0016349598393179988,0.0,0.004010117167037235,0.005645077006355234,,,,
5391,0.001,adam,5392,86.91345715522766,0.0016264797447898425,0.0,0.005831641273116971,0.007458121017906814,,,,
5392,0.001,adam,5393,86.93200039863586,0.00164044572890813,0.0,0.008083754297881765,0.009724200026789896,,,,
5393,0.001,adam,5394,86.94145250320435,0.0016567279143871103,0.0,0.006111407836353504,0.0077681357507406144,,,,
5394,0.001,adam,5395,86.95478534698486,0.0016366198823198294,0.0,0.004206632165126636,0.005843252047446465,,,,
5395,0.001,adam,5396,86.97959637641907,0.0016808333385326117,0.0,0.004498163595903647,0.006178996934436258,,,,
5396,0.001,adam,5397,86.99124026298523,0.0016859462793600087,0.0,0.0052722083235957964,0.006958154602955805,,,,
5397,0.001,adam,5398,87.00351095199585,0.0016359210182095194,0.0,0.006303410429865148,0.007939331448074669,,,,
5398,0.001,adam,5399,87.01386284828186,0.0016411629060479349,0.0,0.005241797203259034,0.0068829601093069685,,,,
5399,0.001,adam,5400,87.03925704956055,0.0016597031506242863,0.0,0.0037810528041160056,0.005440755954740292,0.00813120587842471,0.0,0.0038372516868590218,0.011968457565283731
5400,0.001,adam,5401,87.05925559997559,0.0016452262441417416,0.0,0.004931513412676682,0.006576739656818424,,,,
5401,0.001,adam,5402,87.07237434387207,0.0016358298147847738,0.0,0.003465767707096358,0.0051015975218811314,,,,
5402,0.001,adam,5403,87.08366250991821,0.0016474041572966307,0.0,0.004560524998659909,0.006207929155956539,,,,
5403,0.001,adam,5404,87.09326076507568,0.001641055146929671,0.0,0.00433323424264395,0.005974289389573621,,,,
5404,0.001,adam,5405,87.11165690422058,0.0016290963420083307,0.0,0.005783136398507768,0.0074122327405160985,,,,
5405,0.001,adam,5406,87.12490248680115,0.0016247826495497707,0.0,0.003390066951529778,0.005014849601079549,,,,
5406,0.001,adam,5407,87.14476919174194,0.001641569614313848,0.0,0.003693126328197487,0.005334695942511335,,,,
5407,0.001,adam,5408,87.15584015846252,0.0016401888553407148,0.0,0.005163249644725652,0.006803438500066367,,,,
5408,0.001,adam,5409,87.16568207740784,0.0016563348781673262,0.0,0.00573972404641154,0.007396058924578866,,,,
5409,0.001,adam,5410,87.19459652900696,0.0016403194287483232,0.0,0.004216160991454375,0.005856480420202698,,,,
5410,0.001,adam,5411,87.2042887210846,0.0016295240466041728,0.0,0.0032796323765498818,0.004909156423154055,,,,
5411,0.001,adam,5412,87.21316528320312,0.0016229685719402686,0.0,0.0036308230888292222,0.005253791660769491,,,,
5412,0.001,adam,5413,87.24071264266968,0.00162143760688011,0.0,0.004873457499539166,0.006494895106419277,,,,
5413,0.001,adam,5414,87.25157427787781,0.0016206024784169546,0.0,0.005675991596447938,0.007296594074864892,,,,
5414,0.001,adam,5415,87.26257514953613,0.001637240738014429,0.0,0.0048630708322786615,0.0065003115702930905,,,,
5415,0.001,adam,5416,87.2731671333313,0.0016241680789586958,0.0,0.0033456856302709745,0.00496985370922967,,,,
5416,0.001,adam,5417,87.28389263153076,0.0016283225664675922,0.0,0.0035528458465389663,0.0051811684130065585,,,,
5417,0.001,adam,5418,87.29460644721985,0.0016183698215057017,0.0,0.004368432411220055,0.0059868022327257565,,,,
5418,0.001,adam,5419,87.31243252754211,0.001613205721762795,0.0,0.007296439515933302,0.008909645237696098,,,,
5419,0.001,adam,5420,87.32839870452881,0.0016301895316603592,0.0,0.003533610486205853,0.005163800017866212,0.007970804247765476,0.0,0.003959830327316812,0.011930634575082288
5420,0.001,adam,5421,87.35211491584778,0.0016450081870345867,0.0,0.006028324848328567,0.0076733330353631534,,,,
5421,0.001,adam,5422,87.37173199653625,0.0016411458382869656,0.0,0.005122284380967636,0.006763430219254601,,,,
5422,0.001,adam,5423,87.38580870628357,0.0016471425364309319,0.0,0.0036809483372635524,0.0053280908736944846,,,,
5423,0.001,adam,5424,87.39564228057861,0.0016428633561937683,0.0,0.0034649526872787217,0.00510781604347249,,,,
5424,0.001,adam,5425,87.40841841697693,0.0016325541320031049,0.0,0.004479046853060262,0.006111600985063367,,,,
5425,0.001,adam,5426,87.4182801246643,0.001630095264803514,0.0,0.003239863933950393,0.0048699591987539075,,,,
5426,0.001,adam,5427,87.43109321594238,0.0016229931708518954,0.0,0.003558313634820784,0.00518130680567268,,,,
5427,0.001,adam,5428,87.44141936302185,0.001646867964189617,0.0,0.003668279488524331,0.005315147452713948,,,,
5428,0.001,adam,5429,87.45218920707703,0.0016439616338311109,0.0,0.004063048924782554,0.005707010558613665,,,,
5429,0.001,adam,5430,87.46217250823975,0.0016182943540070816,0.0,0.0037223898145025865,0.005340684168509668,,,,
5430,0.001,adam,5431,87.4721360206604,0.0016217074633056142,0.0,0.004763306433367214,0.006385013896672828,,,,
5431,0.001,adam,5432,87.48253417015076,0.0016202345241076233,0.0,0.003193697079019757,0.00481393160312738,,,,
5432,0.001,adam,5433,87.49751996994019,0.001620269699820235,0.0,0.002977115849221736,0.0045973855490419714,,,,
5433,0.001,adam,5434,87.5084617137909,0.001617602953505842,0.0,0.0032770046853999994,0.004894607638905842,,,,
5434,0.001,adam,5435,87.5214319229126,0.0016238556336511125,0.0,0.004388263310786943,0.006012118944438056,,,,
5435,0.001,adam,5436,87.5328459739685,0.0016233540939037607,0.0,0.004182978206893713,0.005806332300797473,,,,
5436,0.001,adam,5437,87.54281902313232,0.001619290531572212,0.0,0.0040946888991738135,0.005713979430746026,,,,
5437,0.001,adam,5438,87.55582213401794,0.0016251461330888007,0.0,0.005480221773809557,0.007105367906898357,,,,
5438,0.001,adam,5439,87.56678342819214,0.0016442698097114765,0.0,0.003411470187779092,0.0050557399974905685,,,,
5439,0.001,adam,5440,87.58008909225464,0.0016162225087517493,0.0,0.0037007933737417146,0.005317015882493464,0.007983617848817013,0.0,0.003923009457506072,0.011906627306323084
5440,0.001,adam,5441,87.59998083114624,0.0016158185326100977,0.0,0.0043696113654059275,0.005985429898016025,,,,
5441,0.001,adam,5442,87.60910248756409,0.0016232858753242093,0.0,0.003948304142631559,0.005571590017955768,,,,
5442,0.001,adam,5443,87.62010288238525,0.0016220336839113717,0.0,0.002861698880638047,0.004483732564549418,,,,
5443,0.001,adam,5444,87.63369655609131,0.0016196460806932067,0.0,0.004596421877159006,0.006216067957852213,,,,
5444,0.001,adam,5445,87.65493583679199,0.0016168364739419935,0.0,0.0034859443213176968,0.00510278079525969,,,,
5445,0.001,adam,5446,87.66542625427246,0.0016224867446935284,0.0,0.0037134896270099695,0.005335976371703498,,,,
5446,0.001,adam,5447,87.68144965171814,0.0016189576851553813,0.0,0.0046886964753131855,0.006307654160468567,,,,
5447,0.001,adam,5448,87.69193172454834,0.0016203777061477962,0.0,0.005520521118698994,0.0071408988248467895,,,,
5448,0.001,adam,5449,87.7021164894104,0.001615311660409654,0.0,0.004834163144665284,0.0064494748050749375,,,,
5449,0.001,adam,5450,87.71669435501099,0.001611955588394932,0.0,0.005128677269378111,0.006740632857773043,,,,
5450,0.001,adam,5451,87.73083925247192,0.0016017183098312891,0.0,0.0036566997681020097,0.005258418077933299,,,,
5451,0.001,adam,5452,87.74284863471985,0.001612371766500056,0.0,0.006466679625457652,0.008079051391957708,,,,
5452,0.001,adam,5453,87.75548887252808,0.001625423626168568,0.0,0.007366797558859874,0.008992221185028442,,,,
5453,0.001,adam,5454,87.76573133468628,0.001618837438598326,0.0,0.006320661365024532,0.007939498803622859,,,,
5454,0.001,adam,5455,87.77651143074036,0.001640528550545465,0.0,0.00530574341465936,0.0069462719652048244,,,,
5455,0.001,adam,5456,87.78762578964233,0.0016282046665836772,0.0,0.0037876347915627487,0.005415839458146426,,,,
5456,0.001,adam,5457,87.79980540275574,0.0016126489122432741,0.0,0.005365779801385601,0.006978428713628876,,,,
5457,0.001,adam,5458,87.81030535697937,0.0016304317219237342,0.0,0.00788894401655588,0.009519375738479614,,,,
5458,0.001,adam,5459,87.8196918964386,0.0016203349759456565,0.0,0.007638040397657581,0.009258375373603238,,,,
5459,0.001,adam,5460,87.8298089504242,0.0016270571490339706,0.0,0.005345634805702519,0.006972691954736489,0.0079151659400041,0.0,0.003838709821667854,0.011753875761671955
5460,0.001,adam,5461,87.85292673110962,0.0016146522804820606,0.0,0.0038517540852631843,0.005466406365745245,,,,
5461,0.001,adam,5462,87.86384415626526,0.0016305344225269417,0.0,0.004098340726652315,0.005728875149179257,,,,
5462,0.001,adam,5463,87.88110303878784,0.001613428559258555,0.0,0.004821276777861877,0.006434705337120431,,,,
5463,0.001,adam,5464,87.89014530181885,0.0016354406049316635,0.0,0.005772560810091523,0.007408001415023187,,,,
5464,0.001,adam,5465,87.90586924552917,0.0016112043138308172,0.0,0.003715534403673895,0.005326738717504712,,,,
5465,0.001,adam,5466,87.91575407981873,0.001645306373502487,0.0,0.004332034500403778,0.0059773408739062645,,,,
5466,0.001,adam,5467,87.92623901367188,0.0016314614418342836,0.0,0.005066634343352884,0.006698095785187167,,,,
5467,0.001,adam,5468,87.95686197280884,0.0016318040571522909,0.0,0.007799034250925568,0.009430838308077859,,,,
5468,0.001,adam,5469,87.97403764724731,0.0016265577934142569,0.0,0.010344615591956579,0.011971173385370836,,,,
5469,0.001,adam,5470,88.00232434272766,0.0016584246234802665,0.0,0.011005856092496907,0.012664280715977173,,,,
5470,0.001,adam,5471,88.01229667663574,0.0016118454416998078,0.0,0.008830396427424479,0.010442241869124286,,,,
5471,0.001,adam,5472,88.02200818061829,0.0016085663408192214,0.0,0.004903751199921871,0.006512317540741093,,,,
5472,0.001,adam,5473,88.03241872787476,0.0016061928971530068,0.0,0.00495638941021887,0.006562582307371876,,,,
5473,0.001,adam,5474,88.04794526100159,0.0016059981849027207,0.0,0.008903262477370255,0.010509260662272975,,,,
5474,0.001,adam,5475,88.05779957771301,0.0016182988625384653,0.0,0.011548898394161861,0.013167197256700326,,,,
5475,0.001,adam,5476,88.07540082931519,0.0016333389144323662,0.0,0.01094832102127161,0.012581659935703976,,,,
5476,0.001,adam,5477,88.08529853820801,0.0016434920590399206,0.0,0.00546031649879571,0.007103808557835631,,,,
5477,0.001,adam,5478,88.09481167793274,0.0016235135828843274,0.0,0.0040766283366071064,0.005700141919491434,,,,
5478,0.001,adam,5479,88.1056067943573,0.0016107295594972038,0.0,0.009272400765465094,0.010883130324962298,,,,
5479,0.001,adam,5480,88.11666631698608,0.0016460477264859236,0.0,0.01369562846341848,0.015341676189904403,0.007972148121252853,0.0,0.010258125860364448,0.0182302739816173
5480,0.001,adam,5481,88.13481259346008,0.0016133971300448197,0.0,0.00936523082361329,0.01097862795365811,,,,
5481,0.001,adam,5482,88.14435005187988,0.0015955830527279438,0.0,0.006061544106786177,0.007657127159514121,,,,
5482,0.001,adam,5483,88.15785503387451,0.0016007718353583363,0.0,0.004654727771518813,0.0062554996068771495,,,,
5483,0.001,adam,5484,88.16986799240112,0.001593908460309181,0.0,0.004199312609820235,0.0057932210701294165,,,,
5484,0.001,adam,5485,88.18029594421387,0.001590680786155468,0.0,0.005629682470347111,0.007220363256502578,,,,
5485,0.001,adam,5486,88.19002175331116,0.0015915924889783111,0.0,0.005556600406063092,0.007148192895041403,,,,
5486,0.001,adam,5487,88.20073866844177,0.0016010313396941102,0.0,0.0033868891570007615,0.004987920496694872,,,,
5487,0.001,adam,5488,88.21032404899597,0.0016018403741565096,0.0,0.004353315344480261,0.005955155718636771,,,,
5488,0.001,adam,5489,88.22099876403809,0.001609682567952122,0.0,0.0038877065459099872,0.005497389113862109,,,,
5489,0.001,adam,5490,88.23178339004517,0.0016315093461534565,0.0,0.004024497185808601,0.005656006531962058,,,,
5490,0.001,adam,5491,88.2408607006073,0.001631177945434116,0.0,0.0038393776567602193,0.005470555602194335,,,,
5491,0.001,adam,5492,88.2506890296936,0.0016027448542695678,0.0,0.0049907072471675265,0.0065934521014370945,,,,
5492,0.001,adam,5493,88.26370310783386,0.0016039579494645036,0.0,0.004748951395859837,0.006352909345324341,,,,
5493,0.001,adam,5494,88.27813458442688,0.0016197591817044136,0.0,0.0043327196451208826,0.005952478826825296,,,,
5494,0.001,adam,5495,88.29064893722534,0.0016068750619570667,0.0,0.004176663560472438,0.005783538622429505,,,,
5495,0.001,adam,5496,88.30396437644958,0.001588809271981665,0.0,0.0036016272710733986,0.005190436543055063,,,,
5496,0.001,adam,5497,88.31446480751038,0.0015997265033496964,0.0,0.0051930155253705965,0.006792742028720293,,,,
5497,0.001,adam,5498,88.32946181297302,0.00160641410070854,0.0,0.004756158975409066,0.006362573076117606,,,,
5498,0.001,adam,5499,88.34955310821533,0.0016034154083971416,0.0,0.004466886621799779,0.006070302030196921,,,,
5499,0.001,adam,5500,88.36529588699341,0.0016167294646836923,0.0,0.003948294314876891,0.005565023779560583,0.00795103097967448,0.0,0.0035481628472418935,0.011499193826916373
5500,0.001,adam,5501,88.39088487625122,0.0016159061892479668,0.0,0.0032453176260488644,0.004861223815296831,,,,
5501,0.001,adam,5502,88.41381454467773,0.0016014841877344446,0.0,0.003908163236597257,0.005509647424331701,,,,
5502,0.001,adam,5503,88.42718815803528,0.001601079036234807,0.0,0.00534422620329537,0.006945305239530177,,,,
5503,0.001,adam,5504,88.43785738945007,0.0015995566160153282,0.0,0.005431519477333226,0.007031076093348554,,,,
5504,0.001,adam,5505,88.47315382957458,0.0016032361913347333,0.0,0.0034354685076561447,0.005038704698990878,,,,
5505,0.001,adam,5506,88.48297500610352,0.0016023342854719757,0.0,0.003930485202633381,0.005532819488105356,,,,
5506,0.001,adam,5507,88.49486207962036,0.0015911839453487408,0.0,0.004570506403820011,0.006161690349168751,,,,
5507,0.001,adam,5508,88.51725172996521,0.001597103608901281,0.0,0.0033715148653688924,0.004968618474270174,,,,
5508,0.001,adam,5509,88.5291690826416,0.0016045501236207288,0.0,0.005934297550369244,0.007538847673989973,,,,
5509,0.001,adam,5510,88.53870058059692,0.001593738452465901,0.0,0.011066275530333696,0.012660013982799596,,,,
5510,0.001,adam,5511,88.5480592250824,0.0016237940167991435,0.0,0.010558820003649596,0.01218261402044874,,,,
5511,0.001,adam,5512,88.55808758735657,0.0016988171784240453,0.0,0.009467352336465664,0.011166169514889709,,,,
5512,0.001,adam,5513,88.56908869743347,0.0016391075483281185,0.0,0.0044641647401732825,0.0061032722885014015,,,,
5513,0.001,adam,5514,88.57819414138794,0.0016258360577342944,0.0,0.010064182501232009,0.011690018558966304,,,,
5514,0.001,adam,5515,88.59067749977112,0.001633347183472554,0.0,0.005439731538004063,0.007073078721476617,,,,
5515,0.001,adam,5516,88.60077834129333,0.001644591476595725,0.0,0.009445380201296791,0.011089971677892517,,,,
5516,0.001,adam,5517,88.62946057319641,0.0016382536452361908,0.0,0.008317276830126943,0.009955530475363133,,,,
5517,0.001,adam,5518,88.64164113998413,0.0016165955433288116,0.0,0.006442344382112934,0.008058939925441745,,,,
5518,0.001,adam,5519,88.66580820083618,0.001655835293659467,0.0,0.00924709569433076,0.010902930987990226,,,,
5519,0.001,adam,5520,88.68314790725708,0.00163626259212251,0.0,0.008621200949137684,0.010257463541260194,0.007897399196976218,0.0,0.011541499273509824,0.019438898470486042
5520,0.001,adam,5521,88.72424411773682,0.001648259483300257,0.0,0.013168010962581678,0.014816270445881935,,,,
5521,0.001,adam,5522,88.7487633228302,0.001643322957009496,0.0,0.01418169582798628,0.015825018784995776,,,,
5522,0.001,adam,5523,88.7628333568573,0.0016826112247546742,0.0,0.010846970460339753,0.012529581685094427,,,,
5523,0.001,adam,5524,88.78043055534363,0.0016511173588088963,0.0,0.0060599475153013775,0.007711064874110274,,,,
5524,0.001,adam,5525,88.80636143684387,0.0016622040391895774,0.0,0.004943390449155273,0.00660559448834485,,,,
5525,0.001,adam,5526,88.82405114173889,0.0016360757263103776,0.0,0.006103211506637583,0.0077392872329479605,,,,
5526,0.001,adam,5527,88.83452677726746,0.0016446279275155167,0.0,0.00971483355576266,0.011359461483278177,,,,
5527,0.001,adam,5528,88.84336400032043,0.0016345898909953585,0.0,0.008186591610752414,0.009821181501747772,,,,
5528,0.001,adam,5529,88.85597062110901,0.0016289495222957706,0.0,0.006463237311108062,0.008092186833403833,,,,
5529,0.001,adam,5530,88.86924624443054,0.0016758136055602508,0.0,0.0037511009475245773,0.005426914553084828,,,,
5530,0.001,adam,5531,88.88493061065674,0.0017089324678524452,0.0,0.0045416304715015406,0.0062505629393539855,,,,
5531,0.001,adam,5532,88.89361810684204,0.0016053906541952786,0.0,0.009449134230953235,0.011054524885148513,,,,
5532,0.001,adam,5533,88.90367603302002,0.0016318566947705743,0.0,0.006704609710597586,0.00833646640536816,,,,
5533,0.001,adam,5534,88.91462206840515,0.0016571810411971928,0.0,0.007078129004606098,0.008735310045803291,,,,
5534,0.001,adam,5535,88.92423009872437,0.0016146955403826165,0.0,0.005293726996467766,0.006908422536850383,,,,
5535,0.001,adam,5536,88.94386124610901,0.0015998033714484095,0.0,0.0051389378014208955,0.006738741172869305,,,,
5536,0.001,adam,5537,88.96447658538818,0.0016176320904760539,0.0,0.0049759060171458685,0.006593538107621922,,,,
5537,0.001,adam,5538,88.9785885810852,0.0015990899095578452,0.0,0.004906187670235986,0.006505277579793831,,,,
5538,0.001,adam,5539,88.9884123802185,0.0016023815677044053,0.0,0.004992284928092512,0.006594666495796917,,,,
5539,0.001,adam,5540,89.00428581237793,0.0015817357878791483,0.0,0.004390446614853427,0.005972182402732575,0.007966617242049088,0.0,0.004789264955499166,0.012755882197548253
5540,0.001,adam,5541,89.02665877342224,0.001603189093671856,0.0,0.004820156126489431,0.006423345220161287,,,,
5541,0.001,adam,5542,89.03837656974792,0.0016164883666355365,0.0,0.0041771951283958424,0.005793683495031379,,,,
5542,0.001,adam,5543,89.05055069923401,0.0015917875825656735,0.0,0.005604350197313741,0.0071961377798794145,,,,
5543,0.001,adam,5544,89.06440162658691,0.0016008792879949525,0.0,0.005068418757503355,0.006669298045498307,,,,
5544,0.001,adam,5545,89.07468724250793,0.001612451087025657,0.0,0.006766083078507688,0.008378534165533346,,,,
5545,0.001,adam,5546,89.08708572387695,0.0015945294897526194,0.0,0.005054025337688223,0.0066485548274408425,,,,
5546,0.001,adam,5547,89.09688401222229,0.0015984009220932048,0.0,0.012267964969443577,0.013866365891536782,,,,
5547,0.001,adam,5548,89.10782051086426,0.001595811980068169,0.0,0.014657287892287412,0.01625309987235558,,,,
5548,0.001,adam,5549,89.11735415458679,0.0016182429472266226,0.0,0.009997006389646778,0.0116152493368734,,,,
5549,0.001,adam,5550,89.13070726394653,0.001608055760045493,0.0,0.007938366332450281,0.009546422092495774,,,,
5550,0.001,adam,5551,89.14117455482483,0.001612735978424553,0.0,0.004819646427248352,0.0064323824056729045,,,,
5551,0.001,adam,5552,89.15201616287231,0.0015936140206369667,0.0,0.0049474926315917446,0.006541106652228712,,,,
5552,0.001,adam,5553,89.16856479644775,0.0016074235075651433,0.0,0.008757760127866098,0.01036518363543124,,,,
5553,0.001,adam,5554,89.18774175643921,0.0016153454676904513,0.0,0.007901601646732112,0.009516947114422563,,,,
5554,0.001,adam,5555,89.19936966896057,0.0016123657506612878,0.0,0.008096879267436002,0.00970924501809729,,,,
5555,0.001,adam,5556,89.21140336990356,0.0016271659902349594,0.0,0.005139544608402506,0.006766710598637465,,,,
5556,0.001,adam,5557,89.22465920448303,0.0015989884734525007,0.0,0.004896891559229769,0.006495880032682269,,,,
5557,0.001,adam,5558,89.23577451705933,0.0015739968984528538,0.0,0.004309621155867374,0.005883618054320228,,,,
5558,0.001,adam,5559,89.24658107757568,0.0015943618055551112,0.0,0.005888109128811145,0.007482470934366256,,,,
5559,0.001,adam,5560,89.25673580169678,0.001601367002078141,0.0,0.0063355356704693985,0.00793690267254754,0.00796748669172433,0.0,0.006504634062046843,0.014472120753771172
5560,0.001,adam,5561,89.27874231338501,0.001609824734067603,0.0,0.0068150838308249865,0.00842490856489259,,,,
5561,0.001,adam,5562,89.28938674926758,0.0015788633214430354,0.0,0.005326749661442589,0.006905612982885624,,,,
5562,0.001,adam,5563,89.30656886100769,0.001630080239818074,0.0,0.004595924603135439,0.006226004842953513,,,,
5563,0.001,adam,5564,89.31819677352905,0.001614852864436741,0.0,0.004246988613482124,0.005861841477918865,,,,
5564,0.001,adam,5565,89.32810735702515,0.0015875981585912284,0.0,0.007808027280377385,0.009395625438968613,,,,
5565,0.001,adam,5566,89.33803510665894,0.0016000151974543486,0.0,0.005713997114488134,0.007314012311942483,,,,
5566,0.001,adam,5567,89.34936046600342,0.0016206241414130592,0.0,0.005771407678713285,0.007392031820126345,,,,
5567,0.001,adam,5568,89.36323046684265,0.001610585823360492,0.0,0.00544528841400538,0.007055874237365872,,,,
5568,0.001,adam,5569,89.37652134895325,0.0016037655155934614,0.0,0.004522800671160314,0.006126566186753776,,,,
5569,0.001,adam,5570,89.38576912879944,0.0016046409547914426,0.0,0.00549743561108894,0.007102076565880383,,,,
5570,0.001,adam,5571,89.39603424072266,0.001614856781393149,0.0,0.004952838696141973,0.006567695477535123,,,,
5571,0.001,adam,5572,89.40578007698059,0.0016318141850825416,0.0,0.005935253059406984,0.007567067244489526,,,,
5572,0.001,adam,5573,89.42026472091675,0.0016081334338511953,0.0,0.0042037492313951,0.005811882665246295,,,,
5573,0.001,adam,5574,89.43103766441345,0.0015881834714843524,0.0,0.005032319782202832,0.006620503253687185,,,,
5574,0.001,adam,5575,89.44705820083618,0.0015941564250590663,0.0,0.004940209050125882,0.006534365475184948,,,,
5575,0.001,adam,5576,89.45612239837646,0.0016088443776104077,0.0,0.005311934094376423,0.0069207784719868305,,,,
5576,0.001,adam,5577,89.47380781173706,0.001605934163785876,0.0,0.004289010262996189,0.0058949444267820655,,,,
5577,0.001,adam,5578,89.4847195148468,0.0015979668359249674,0.0,0.003837506795550985,0.005435473631475953,,,,
5578,0.001,adam,5579,89.49857187271118,0.0015873176492481407,0.0,0.004561341178825158,0.006148658828073299,,,,
5579,0.001,adam,5580,89.51861357688904,0.001581158935286985,0.0,0.00496436154618529,0.006545520481472275,0.00792483539471636,0.0,0.004503545583123878,0.012428380977840239
5580,0.001,adam,5581,89.53549575805664,0.00158443546322157,0.0,0.004868166611382698,0.006452602074604268,,,,
5581,0.001,adam,5582,89.54561114311218,0.0015840446260694057,0.0,0.006250561768997303,0.00783460639506671,,,,
5582,0.001,adam,5583,89.5611846446991,0.0015910038787781712,0.0,0.005928866361281352,0.007519870240059523,,,,
5583,0.001,adam,5584,89.57322311401367,0.0015969519525100828,0.0,0.005026686380816694,0.006623638333326777,,,,
5584,0.001,adam,5585,89.58337640762329,0.00160148802984923,0.0,0.006200994458107957,0.007802482487957187,,,,
5585,0.001,adam,5586,89.61886429786682,0.0015878950494607872,0.0,0.007476846034405654,0.009064741083866441,,,,
5586,0.001,adam,5587,89.62974905967712,0.0015857998445584006,0.0,0.0049205098519570206,0.006506309696515421,,,,
5587,0.001,adam,5588,89.65108752250671,0.0015947624948485788,0.0,0.006494590968885716,0.008089353463734295,,,,
5588,0.001,adam,5589,89.66151976585388,0.00157141293270835,0.0,0.011592321610610566,0.013163734543318916,,,,
5589,0.001,adam,5590,89.67193269729614,0.0015798043066375645,0.0,0.006371110313049782,0.007950914619687346,,,,
5590,0.001,adam,5591,89.68716192245483,0.0015961553751992574,0.0,0.007300103715363476,0.008896259090562735,,,,
5591,0.001,adam,5592,89.69962882995605,0.0015764818332941845,0.0,0.0040408597867878995,0.005617341620082084,,,,
5592,0.001,adam,5593,89.70923233032227,0.0016094922424547697,0.0,0.004070826281838892,0.005680318524293662,,,,
5593,0.001,adam,5594,89.7199432849884,0.0015922946306193612,0.0,0.0060634213758782194,0.00765571600649758,,,,
5594,0.001,adam,5595,89.75372433662415,0.0016061622213859323,0.0,0.008831195165963018,0.01043735738734895,,,,
5595,0.001,adam,5596,89.76338410377502,0.0016085896615511564,0.0,0.006523000930223068,0.008131590591774224,,,,
5596,0.001,adam,5597,89.78459453582764,0.001605794108883418,0.0,0.0056560755306511185,0.007261869639534536,,,,
5597,0.001,adam,5598,89.79751467704773,0.0016045731244931016,0.0,0.007163751206046423,0.008768324330539526,,,,
5598,0.001,adam,5599,89.81745481491089,0.001619198159001698,0.0,0.00859602641481173,0.010215224573813428,,,,
5599,0.001,adam,5600,89.83015990257263,0.0016086263659834045,0.0,0.011789813617376358,0.013398439983359763,0.007908923576427838,0.0,0.009823455225724994,0.01773237880215283
5600,0.001,adam,5601,89.8512933254242,0.0016051620460529213,0.0,0.009902404405158344,0.011507566451211267,,,,
5601,0.001,adam,5602,89.86116647720337,0.0015879400006827361,0.0,0.004209476221211185,0.005797416221893921,,,,
5602,0.001,adam,5603,89.87738060951233,0.001592442711482109,0.0,0.004396342852864383,0.005988785564346492,,,,
5603,0.001,adam,5604,89.88856911659241,0.0016164593289585598,0.0,0.006103872383511861,0.007720331712470421,,,,
5604,0.001,adam,5605,89.89886903762817,0.0015958263706931325,0.0,0.006851629419254322,0.008447455789947454,,,,
5605,0.001,adam,5606,89.91053175926208,0.0016103306160032028,0.0,0.00814361217638782,0.009753942792391024,,,,
5606,0.001,adam,5607,89.92084693908691,0.0016203384593322177,0.0,0.00587237133008844,0.0074927097894206575,,,,
5607,0.001,adam,5608,89.9312469959259,0.0015886593552085465,0.0,0.004397693163960603,0.00598635251916915,,,,
5608,0.001,adam,5609,89.94280672073364,0.0015806364856797508,0.0,0.005313613933504334,0.006894250419184084,,,,
5609,0.001,adam,5610,89.95218825340271,0.0015907662845117637,0.0,0.006301032279155029,0.007891798563666792,,,,
5610,0.001,adam,5611,89.9614942073822,0.0015912632411041207,0.0,0.007897089213738972,0.009488352454843092,,,,
5611,0.001,adam,5612,89.97371125221252,0.0015979692442556913,0.0,0.008372530688681972,0.009970499932937664,,,,
5612,0.001,adam,5613,89.99279379844666,0.0015862991393881245,0.0,0.00522195826422219,0.006808257403610314,,,,
5613,0.001,adam,5614,90.00224828720093,0.0015925858088533759,0.0,0.003385599624061976,0.004978185432915352,,,,
5614,0.001,adam,5615,90.01403713226318,0.0015946336859923743,0.0,0.005345698338272393,0.006940332024264768,,,,
5615,0.001,adam,5616,90.02360963821411,0.0015733203469415324,0.0,0.0065399692724329005,0.008113289619374433,,,,
5616,0.001,adam,5617,90.03379201889038,0.001581317779362753,0.0,0.008639534078882728,0.010220851858245481,,,,
5617,0.001,adam,5618,90.04317474365234,0.001570259793267058,0.0,0.007449537799679043,0.009019797592946101,,,,
5618,0.001,adam,5619,90.05431866645813,0.001572380059010849,0.0,0.006122187786243393,0.007694567845254242,,,,
5619,0.001,adam,5620,90.06531047821045,0.0015684021326156294,0.0,0.004506930821448077,0.006075332954063707,0.007979417500514847,0.0,0.004243553208308064,0.012222970708822911
5620,0.001,adam,5621,90.09338808059692,0.0015602268026899968,0.0,0.0038700885344635076,0.0054303153371535046,,,,
5621,0.001,adam,5622,90.1056764125824,0.0015814234301404113,0.0,0.00411048218315734,0.005691905613297752,,,,
5622,0.001,adam,5623,90.12039613723755,0.0015855267434203978,0.0,0.004367335016356352,0.00595286175977675,,,,
5623,0.001,adam,5624,90.13271021842957,0.00158624628724737,0.0,0.006783900574098725,0.008370146861346095,,,,
5624,0.001,adam,5625,90.14344930648804,0.0015689897441319577,0.0,0.006782263985121576,0.008351253729253534,,,,
5625,0.001,adam,5626,90.15298056602478,0.0015746837686929033,0.0,0.00668861054538443,0.008263294314077333,,,,
5626,0.001,adam,5627,90.17145037651062,0.001556029463941656,0.0,0.0056365630104095055,0.007192592474351162,,,,
5627,0.001,adam,5628,90.18177771568298,0.0015607148444036138,0.0,0.003401056592852414,0.004961771437256028,,,,
5628,0.001,adam,5629,90.19556617736816,0.001563387075618648,0.0,0.0038281825414073975,0.005391569617026045,,,,
5629,0.001,adam,5630,90.20580005645752,0.001577208202271842,0.0,0.004397835653706378,0.00597504385597822,,,,
5630,0.001,adam,5631,90.2165138721466,0.0015899217436602863,0.0,0.00595487478673046,0.007544796530390746,,,,
5631,0.001,adam,5632,90.22686290740967,0.001613599531066419,0.0,0.005116613473226717,0.006730213004293136,,,,
5632,0.001,adam,5633,90.2382709980011,0.0015798638817693987,0.0,0.003023340498118764,0.004603204379888162,,,,
5633,0.001,adam,5634,90.24861431121826,0.0015750632418193929,0.0,0.00582969632755152,0.007404759569370914,,,,
5634,0.001,adam,5635,90.25875687599182,0.00161865095423222,0.0,0.0040401785612352616,0.005658829515467482,,,,
5635,0.001,adam,5636,90.26846408843994,0.0015900623180549447,0.0,0.005008431694362747,0.006598494012417692,,,,
5636,0.001,adam,5637,90.28000974655151,0.0015712855327300696,0.0,0.006377989926803491,0.007949275459533561,,,,
5637,0.001,adam,5638,90.29294633865356,0.0015897827605577675,0.0,0.005463500254122781,0.007053283014680548,,,,
5638,0.001,adam,5639,90.3033971786499,0.0015974166604728294,0.0,0.0033565489685648,0.0049539656290376296,,,,
5639,0.001,adam,5640,90.31311821937561,0.0015676851286902753,0.0,0.0038371787152728432,0.005404863843963118,0.007871515566748997,0.0,0.004922883777158995,0.012794399343907992
5640,0.001,adam,5641,90.35300850868225,0.0015525741355394958,0.0,0.004309904690761514,0.005862478826301009,,,,
5641,0.001,adam,5642,90.36381816864014,0.0015627175626841407,0.0,0.003983167351861728,0.005545884914545869,,,,
5642,0.001,adam,5643,90.37906336784363,0.0015865105134525396,0.0,0.002938382543774581,0.004524893057227121,,,,
5643,0.001,adam,5644,90.39899635314941,0.0015671640454508883,0.0,0.008039201964832602,0.009606366010283491,,,,
5644,0.001,adam,5645,90.40957927703857,0.001571349194870983,0.0,0.003976994318552307,0.00554834351342329,,,,
5645,0.001,adam,5646,90.41968774795532,0.0016172519905572646,0.0,0.00410579317436534,0.005723045164922605,,,,
5646,0.001,adam,5647,90.4346399307251,0.0016186150993921608,0.0,0.004178285202768685,0.005796900302160846,,,,
5647,0.001,adam,5648,90.44558095932007,0.0015706463431681516,0.0,0.004893984383928401,0.006464630727096552,,,,
5648,0.001,adam,5649,90.45617771148682,0.0015973164014502028,0.0,0.00395539145775278,0.005552707859202983,,,,
5649,0.001,adam,5650,90.46775221824646,0.0016310837138130778,0.0,0.005765405476610895,0.007396489190423973,,,,
5650,0.001,adam,5651,90.47935461997986,0.0015826568329087834,0.0,0.0059333610145248915,0.007516017847433675,,,,
5651,0.001,adam,5652,90.48850655555725,0.001572993424446014,0.0,0.0057739197217531405,0.007346913146199154,,,,
5652,0.001,adam,5653,90.49837613105774,0.0015911438913732924,0.0,0.00484360304582847,0.006434746937201762,,,,
5653,0.001,adam,5654,90.51759219169617,0.0015956484429071392,0.0,0.0038296990987886164,0.005425347541695756,,,,
5654,0.001,adam,5655,90.52919507026672,0.0015864220832988401,0.0,0.0036285292633720352,0.005214951346670875,,,,
5655,0.001,adam,5656,90.53976559638977,0.0015840749829185495,0.0,0.00436668810033711,0.005950763083255659,,,,
5656,0.001,adam,5657,90.55267000198364,0.0015956990856994427,0.0,0.005917982611154476,0.007513681696853918,,,,
5657,0.001,adam,5658,90.56266760826111,0.0015878752446929888,0.0,0.007515057877636014,0.009102933122329002,,,,
5658,0.001,adam,5659,90.57339859008789,0.0015868051347245756,0.0,0.01157628647695109,0.013163091611675665,,,,
5659,0.001,adam,5660,90.5846221446991,0.0016204171231585169,0.0,0.014057661730068588,0.015678078853227105,0.007967428917871599,0.0,0.009563011609681189,0.017530440527552787
5660,0.001,adam,5661,90.60689640045166,0.0015730670126762613,0.0,0.008641888578662205,0.010214955591338467,,,,
5661,0.001,adam,5662,90.6194236278534,0.0015608600461451065,0.0,0.004459139295148835,0.006019999341293942,,,,
5662,0.001,adam,5663,90.63545680046082,0.0015597834277436798,0.0,0.008121215649704954,0.009680999077448633,,,,
5663,0.001,adam,5664,90.6478271484375,0.0015625633725218529,0.0,0.008037927690245025,0.009600491062766878,,,,
5664,0.001,adam,5665,90.6583399772644,0.0015497401252722537,0.0,0.005866339942515701,0.007416080067787954,,,,
5665,0.001,adam,5666,90.67106986045837,0.0015378608590115755,0.0,0.004720017554897734,0.006257878413909309,,,,
5666,0.001,adam,5667,90.68546271324158,0.0015398754417799445,0.0,0.003274388335711582,0.004814263777491526,,,,
5667,0.001,adam,5668,90.69889497756958,0.0015514401400081495,0.0,0.006654766328202175,0.008206206468210325,,,,
5668,0.001,adam,5669,90.70931816101074,0.0015567141470133941,0.0,0.009367563598691574,0.010924277745704968,,,,
5669,0.001,adam,5670,90.74452352523804,0.001548819063927393,0.0,0.0102984237009378,0.011847242764865193,,,,
5670,0.001,adam,5671,90.77394795417786,0.0015496837814053647,0.0,0.007880108629719792,0.009429792411125158,,,,
5671,0.001,adam,5672,90.78463172912598,0.0015700708569803034,0.0,0.008408370076063373,0.009978440933043675,,,,
5672,0.001,adam,5673,90.79476976394653,0.0015443665393775482,0.0,0.004934340629666285,0.006478707169043833,,,,
5673,0.001,adam,5674,90.80413269996643,0.0015526559833095711,0.0,0.004469170433256611,0.006021826416566182,,,,
5674,0.001,adam,5675,90.81411910057068,0.0015814763628495031,0.0,0.006308125515274735,0.007889601878124238,,,,
5675,0.001,adam,5676,90.82782316207886,0.001596312793907733,0.0,0.007860986064859039,0.009457298858766772,,,,
5676,0.001,adam,5677,90.8388397693634,0.0015605874159627874,0.0,0.00806745564900038,0.009628043064963168,,,,
5677,0.001,adam,5678,90.84828305244446,0.0015791794569059868,0.0,0.0040576782589141925,0.0056368577158201795,,,,
5678,0.001,adam,5679,90.86058497428894,0.0016367442289331056,0.0,0.004924530503677587,0.006561274732610693,,,,
5679,0.001,adam,5680,90.8715648651123,0.0015884185548364676,0.0,0.005546489130826556,0.007134907685663024,0.007895094275895962,0.0,0.007779990470742872,0.015675084746638833
5680,0.001,adam,5681,90.89032316207886,0.001569777871350918,0.0,0.008210978687619828,0.009780756558970746,,,,
5681,0.001,adam,5682,90.90082573890686,0.0015912887703311823,0.0,0.007084429380476936,0.008675718150808118,,,,
5682,0.001,adam,5683,90.91223096847534,0.0016001126040612746,0.0,0.004995697651053268,0.006595810255114543,,,,
5683,0.001,adam,5684,90.92447757720947,0.0015856384470769953,0.0,0.004248099610888318,0.005833738057965314,,,,
5684,0.001,adam,5685,90.93493390083313,0.001558392987910941,0.0,0.005074798712781624,0.006633191700692565,,,,
5685,0.001,adam,5686,90.94645738601685,0.001571108861199395,0.0,0.0059955602437768195,0.007566669104976215,,,,
5686,0.001,adam,5687,90.95631575584412,0.0015868509113773949,0.0,0.004785668365487952,0.006372519276865347,,,,
5687,0.001,adam,5688,90.97563910484314,0.0015592368710761022,0.0,0.005690085930107062,0.007249322801183164,,,,
5688,0.001,adam,5689,90.99526691436768,0.001584845402989624,0.0,0.003912530906140276,0.0054973763091299,,,,
5689,0.001,adam,5690,91.0152428150177,0.0015783091564745152,0.0,0.004516433718055953,0.006094742874530467,,,,
5690,0.001,adam,5691,91.0265998840332,0.001559384763636721,0.0,0.004224489428672277,0.005783874192308998,,,,
5691,0.001,adam,5692,91.03585314750671,0.0015745630179162724,0.0,0.003342426588116179,0.004916989606032452,,,,
5692,0.001,adam,5693,91.0456485748291,0.001578061990124942,0.0,0.0064844323793975655,0.008062494369522508,,,,
5693,0.001,adam,5694,91.05486226081848,0.0015583496408009241,0.0,0.003624322530332822,0.005182672171133746,,,,
5694,0.001,adam,5695,91.06664705276489,0.0015927446084819333,0.0,0.007713213664955565,0.009305958273437498,,,,
5695,0.001,adam,5696,91.07712888717651,0.001582903546398636,0.0,0.007064300424425242,0.008647203970823879,,,,
5696,0.001,adam,5697,91.09235334396362,0.0015876894667412604,0.0,0.0059487633257747485,0.0075364527925160085,,,,
5697,0.001,adam,5698,91.10249996185303,0.0015753902194370205,0.0,0.004668785160555178,0.0062441753799921985,,,,
5698,0.001,adam,5699,91.11658906936646,0.0015616109486189457,0.0,0.007222258264328848,0.008783869212947795,,,,
5699,0.001,adam,5700,91.12657308578491,0.001590488862347017,0.0,0.016556401704962604,0.018146890567309622,0.007832866084612585,0.0,0.008525759118411478,0.016358625203024064
5700,0.001,adam,5701,91.14255452156067,0.0015815035569377506,0.0,0.007760010158326648,0.009341513715264399,,,,
5701,0.001,adam,5702,91.15278768539429,0.001586795089196778,0.0,0.00669370649385446,0.008280501583051238,,,,
5702,0.001,adam,5703,91.16317677497864,0.0015614677411974686,0.0,0.003169177832868472,0.004730645574065941,,,,
5703,0.001,adam,5704,91.17374753952026,0.0016039441741129681,0.0,0.00607371820777653,0.007677662381889498,,,,
5704,0.001,adam,5705,91.18403720855713,0.0015517128390630302,0.0,0.006407208521334721,0.00795892136039775,,,,
5705,0.001,adam,5706,91.20146775245667,0.0015805152403068944,0.0,0.007511301462401842,0.009091816702708738,,,,
5706,0.001,adam,5707,91.21194267272949,0.0015719453970822203,0.0,0.007499388169940148,0.009071333567022367,,,,
5707,0.001,adam,5708,91.22579526901245,0.0015562536478991998,0.0,0.004841484026843437,0.006397737674742637,,,,
5708,0.001,adam,5709,91.2424681186676,0.0015496003956625383,0.0,0.005595789877329391,0.007145390272991929,,,,
5709,0.001,adam,5710,91.2536051273346,0.0015574231812663392,0.0,0.0037399805786548384,0.005297403759921177,,,,
5710,0.001,adam,5711,91.26626324653625,0.0015586748339512185,0.0,0.004227658638999764,0.0057863334729509825,,,,
5711,0.001,adam,5712,91.27770209312439,0.0015488510086351746,0.0,0.0038636505696156573,0.005412501578250832,,,,
5712,0.001,adam,5713,91.29111814498901,0.001552292868878983,0.0,0.0037357587719052316,0.005288051640784214,,,,
5713,0.001,adam,5714,91.30394291877747,0.0015708441444350436,0.0,0.0038143380942002084,0.005385182238635252,,,,
5714,0.001,adam,5715,91.3188726902008,0.0015587009747727147,0.0,0.003405833361521147,0.004964534336293861,,,,
5715,0.001,adam,5716,91.32913255691528,0.0015521872368718446,0.0,0.004329188995761921,0.005881376232633765,,,,
5716,0.001,adam,5717,91.33984994888306,0.0015588525279069672,0.0,0.003646528402578625,0.005205380930485592,,,,
5717,0.001,adam,5718,91.35264992713928,0.0015648565874311839,0.0,0.006059017242800592,0.0076238738302317755,,,,
5718,0.001,adam,5719,91.3618757724762,0.001563855014582009,0.0,0.005131510424699717,0.006695365439281726,,,,
5719,0.001,adam,5720,91.37367534637451,0.0015658170072018573,0.0,0.006144981568218636,0.007710798575420494,0.00788339231336278,0.0,0.006034064613770005,0.013917456927132785
5720,0.001,adam,5721,91.39106035232544,0.0015736697100572751,0.0,0.006669200146460705,0.00824286985651798,,,,
5721,0.001,adam,5722,91.40395903587341,0.001560739514221745,0.0,0.0045835856862880015,0.006144325200509747,,,,
5722,0.001,adam,5723,91.41568922996521,0.001556233924699425,0.0,0.004580855006493009,0.0061370889311924345,,,,
5723,0.001,adam,5724,91.43101000785828,0.0015656649330284785,0.0,0.0034896924689617158,0.0050553574019901945,,,,
5724,0.001,adam,5725,91.44270324707031,0.0015611253115639925,0.0,0.005430521638275105,0.006991646949839098,,,,
5725,0.001,adam,5726,91.45419955253601,0.0015513615210162785,0.0,0.006997202082586447,0.008548563603602725,,,,
5726,0.001,adam,5727,91.46405935287476,0.0015525797305655626,0.0,0.0047362286084074315,0.006288808338972994,,,,
5727,0.001,adam,5728,91.47355961799622,0.0015854785097397096,0.0,0.00499865418920719,0.0065841326989469,,,,
5728,0.001,adam,5729,91.48493242263794,0.0015934462883541816,0.0,0.0037685189718045216,0.005361965260158703,,,,
5729,0.001,adam,5730,91.49517631530762,0.0015631468069095562,0.0,0.005644196398653307,0.007207343205562863,,,,
5730,0.001,adam,5731,91.50747156143188,0.001567065949130256,0.0,0.004780602793309668,0.0063476687424399245,,,,
5731,0.001,adam,5732,91.52021884918213,0.0016133353389248797,0.0,0.0051312195870299535,0.0067445549259548335,,,,
5732,0.001,adam,5733,91.53031873703003,0.0015735565628386171,0.0,0.0035178252010361205,0.005091381763874738,,,,
5733,0.001,adam,5734,91.54278111457825,0.0015655456594914562,0.0,0.006128404523178865,0.007693950182670321,,,,
5734,0.001,adam,5735,91.55344557762146,0.001588723437628348,0.0,0.004220368002426611,0.005809091440054959,,,,
5735,0.001,adam,5736,91.56395435333252,0.001573634313090626,0.0,0.006586483976804822,0.008160118289895447,,,,
5736,0.001,adam,5737,91.57431817054749,0.0015434860724436556,0.0,0.009287365870379132,0.010830851942822788,,,,
5737,0.001,adam,5738,91.59117031097412,0.0015551868006107488,0.0,0.010950417130325057,0.012505603930935805,,,,
5738,0.001,adam,5739,91.60275316238403,0.001559586888005744,0.0,0.010642364165794779,0.012201951053800522,,,,
5739,0.001,adam,5740,91.61300206184387,0.001539072939997693,0.0,0.00798648665631026,0.009525559596307954,0.007711807640569398,0.0,0.00484763087026568,0.012559438510835078
5740,0.001,adam,5741,91.63761305809021,0.0015438466365187272,0.0,0.005163873022346687,0.0067077196588654145,,,,
5741,0.001,adam,5742,91.65114617347717,0.0016116231673686259,0.0,0.003058032505229444,0.004669655672598069,,,,
5742,0.001,adam,5743,91.66098999977112,0.0015776326977254213,0.0,0.00576144210588664,0.0073390748036120616,,,,
5743,0.001,adam,5744,91.68656206130981,0.0015422196340920743,0.0,0.005728526880282125,0.007270746514374199,,,,
5744,0.001,adam,5745,91.69673776626587,0.0015440324823369064,0.0,0.009103964575303543,0.01064799705764045,,,,
5745,0.001,adam,5746,91.70659184455872,0.0015283533711886422,0.0,0.009116213026246767,0.010644566397435409,,,,
5746,0.001,adam,5747,91.72493052482605,0.001530410238595076,0.0,0.00798975685323964,0.009520167091834715,,,,
5747,0.001,adam,5748,91.73978233337402,0.0015061705526015835,0.0,0.005912938272640428,0.007419108825242012,,,,
5748,0.001,adam,5749,91.75138473510742,0.0015152656133638517,0.0,0.005687019546525408,0.00720228515988926,,,,
5749,0.001,adam,5750,91.76280450820923,0.0015342652248752147,0.0,0.004609910516360611,0.006144175741235825,,,,
5750,0.001,adam,5751,91.78146195411682,0.0015455893526279008,0.0,0.004147203067925398,0.005692792420553299,,,,
5751,0.001,adam,5752,91.8013026714325,0.0015409823445548703,0.0,0.0068715704239257994,0.00841255276848067,,,,
5752,0.001,adam,5753,91.81499981880188,0.0015447101201895037,0.0,0.004430140673230414,0.005974850793419918,,,,
5753,0.001,adam,5754,91.8259539604187,0.0015720101204538238,0.0,0.006447654768700728,0.008019664889154551,,,,
5754,0.001,adam,5755,91.83619475364685,0.0015728940789931296,0.0,0.008377852630206612,0.009950746709199742,,,,
5755,0.001,adam,5756,91.84666013717651,0.0015257210332095688,0.0,0.017468506402326712,0.01899422743553628,,,,
5756,0.001,adam,5757,91.87042427062988,0.0015392972848622714,0.0,0.00942629282223299,0.01096559010709526,,,,
5757,0.001,adam,5758,91.88011860847473,0.0015993340068066444,0.0,0.00830327107154175,0.009902605078348394,,,,
5758,0.001,adam,5759,91.89330625534058,0.0015803482979504055,0.0,0.008550356727806819,0.010130705025757225,,,,
5759,0.001,adam,5760,91.90703630447388,0.001538067933547969,0.0,0.004319914620936016,0.005857982554483985,0.007866211674267485,0.0,0.004786425593949891,0.012652637268217377
5760,0.001,adam,5761,91.93106245994568,0.001547568065240831,0.0,0.004655110095505547,0.006202678160746378,,,,
5761,0.001,adam,5762,91.94059228897095,0.0015794787866900398,0.0,0.006958108258491527,0.008537587045181566,,,,
5762,0.001,adam,5763,91.95357418060303,0.0015794759254223983,0.0,0.0064760981691071515,0.00805557409452955,,,,
5763,0.001,adam,5764,91.96340155601501,0.0015450178619004205,0.0,0.00561161345439676,0.007156631316297181,,,,
5764,0.001,adam,5765,91.99144124984741,0.0015987827029724185,0.0,0.00408083734576589,0.005679620048738308,,,,
5765,0.001,adam,5766,92.00073671340942,0.0015780677404727622,0.0,0.005844350898319769,0.007422418638792531,,,,
5766,0.001,adam,5767,92.01129388809204,0.0015479586544658184,0.0,0.004809565179974501,0.006357523834440319,,,,
5767,0.001,adam,5768,92.02288436889648,0.0015341909079627895,0.0,0.004675674335082842,0.0062098652430456315,,,,
5768,0.001,adam,5769,92.05626511573792,0.0015693583019703442,0.0,0.004249880787398762,0.005819239089369106,,,,
5769,0.001,adam,5770,92.07513952255249,0.0015778235411512784,0.0,0.004666877347766836,0.006244700888918114,,,,
5770,0.001,adam,5771,92.08696675300598,0.001574501246618548,0.0,0.1396759502832295,0.14125045152984803,,,,
5771,0.001,adam,5772,92.09783339500427,0.001570779324049223,0.0,0.004244361410442427,0.00581514073449165,,,,
5772,0.001,adam,5773,92.10918307304382,0.0016025100432526707,0.0,0.007148358214439832,0.008750868257692503,,,,
5773,0.001,adam,5774,92.1189398765564,0.001538510629892876,0.0,0.005364965896812119,0.006903476526704994,,,,
5774,0.001,adam,5775,92.1333315372467,0.0015443753608740227,0.0,0.006617674610424873,0.008162049971298895,,,,
5775,0.001,adam,5776,92.14293909072876,0.0015340100192310952,0.0,0.005602074665128546,0.007136084684359641,,,,
5776,0.001,adam,5777,92.15415787696838,0.0015337014978887733,0.0,0.0040137513432133625,0.0055474528411021354,,,,
5777,0.001,adam,5778,92.17356610298157,0.00158782830794066,0.0,0.003876155692727367,0.005463984000668027,,,,
5778,0.001,adam,5779,92.18497490882874,0.001601295472163749,0.0,0.00477670222264341,0.006377997694807159,,,,
5779,0.001,adam,5780,92.19592094421387,0.0015599326385108147,0.0,0.005134440818654077,0.006694373457164892,0.007696485399721669,0.0,0.005023920424513945,0.012720405824235614
5780,0.001,adam,5781,92.21613049507141,0.0015494235757632401,0.0,0.006348460564424352,0.007897884140187592,,,,
5781,0.001,adam,5782,92.23028326034546,0.00153774350384796,0.0,0.005375452694124134,0.006913196197972094,,,,
5782,0.001,adam,5783,92.24294519424438,0.0015377295646340184,0.0,0.005151921184961721,0.006689650749595739,,,,
5783,0.001,adam,5784,92.25439190864563,0.0015857550819750195,0.0,0.0067076866589816635,0.008293441740956684,,,,
5784,0.001,adam,5785,92.27109265327454,0.001545749430989335,0.0,0.00485502273895746,0.006400772169946795,,,,
5785,0.001,adam,5786,92.28067016601562,0.0015439916099608808,0.0,0.015288785094771324,0.016832776704732204,,,,
5786,0.001,adam,5787,92.29540491104126,0.0015703604895137828,0.0,0.004608215707056643,0.006178576196570426,,,,
5787,0.001,adam,5788,92.30593800544739,0.0015567032463264358,0.0,0.006500793072226211,0.008057496318552647,,,,
5788,0.001,adam,5789,92.31760883331299,0.0015512755073463556,0.0,0.008792740284802886,0.010344015792149242,,,,
5789,0.001,adam,5790,92.328773021698,0.001580467913483348,0.0,0.007107500356564986,0.008687968270048333,,,,
5790,0.001,adam,5791,92.33945226669312,0.0015548887079653675,0.0,0.0068353364055497,0.008390225113515067,,,,
5791,0.001,adam,5792,92.3491542339325,0.0015906000707466771,0.0,0.003490487054674124,0.005081087125420801,,,,
5792,0.001,adam,5793,92.3609311580658,0.0015530704548505653,0.0,0.006826322054756417,0.008379392509606983,,,,
5793,0.001,adam,5794,92.37860798835754,0.0015539910661408877,0.0,0.007324810541465203,0.00887880160760609,,,,
5794,0.001,adam,5795,92.38958525657654,0.0016111422700629734,0.0,0.006592753631666841,0.008203895901729815,,,,
5795,0.001,adam,5796,92.40009140968323,0.001578409883167043,0.0,0.003520663104145113,0.005099072987312156,,,,
5796,0.001,adam,5797,92.40986371040344,0.0015141491591228544,0.0,0.005807894007550973,0.007322043166673828,,,,
5797,0.001,adam,5798,92.41922521591187,0.001532738129340265,0.0,0.0075598624252351376,0.009092600554575402,,,,
5798,0.001,adam,5799,92.4304552078247,0.0015855283476294147,0.0,0.009569713847646582,0.011155242195275996,,,,
5799,0.001,adam,5800,92.44349765777588,0.0015719645218960742,0.0,0.008068217107903064,0.009640181629799138,0.007740035259456514,0.0,0.006202660365566338,0.013942695625022851
5800,0.001,adam,5801,92.4657371044159,0.0015461162757561295,0.0,0.005515665887893572,0.007061782163649702,,,,
5801,0.001,adam,5802,92.47853708267212,0.0016256585749856466,0.0,0.0053522975224000804,0.006977956097385727,,,,
5802,0.001,adam,5803,92.48961853981018,0.0016301521695041327,0.0,0.005272792609615629,0.006902944779119761,,,,
5803,0.001,adam,5804,92.5003035068512,0.0015608451840363566,0.0,0.006774466786266342,0.008335311970302699,,,,
5804,0.001,adam,5805,92.51205444335938,0.0016068359118937897,0.0,0.006453612157715288,0.008060448069609077,,,,
5805,0.001,adam,5806,92.5244665145874,0.001607935533863624,0.0,0.004950023137346317,0.006557958671209941,,,,
5806,0.001,adam,5807,92.53675389289856,0.0015374031176022792,0.0,0.005804616214882144,0.007342019332484423,,,,
5807,0.001,adam,5808,92.54908514022827,0.0015205710827036728,0.0,0.003940748560513314,0.005461319643216987,,,,
5808,0.001,adam,5809,92.56041622161865,0.001530483097490687,0.0,0.006060004183242601,0.007590487280733287,,,,
5809,0.001,adam,5810,92.57485866546631,0.0015380770593797465,0.0,0.0053473061478414114,0.006885383207221158,,,,
5810,0.001,adam,5811,92.59147477149963,0.0015443018895152827,0.0,0.005967951302800381,0.007512253192315663,,,,
5811,0.001,adam,5812,92.60300326347351,0.0015422647265002534,0.0,0.005133391727426504,0.006675656453926758,,,,
5812,0.001,adam,5813,92.62569451332092,0.001560631768125046,0.0,0.003835413398456161,0.0053960451665812075,,,,
5813,0.001,adam,5814,92.63661813735962,0.0015322290120446816,0.0,0.004944225570578753,0.006476454582623434,,,,
5814,0.001,adam,5815,92.64806461334229,0.0015618915321591227,0.0,0.006872430311398174,0.008434321843557297,,,,
5815,0.001,adam,5816,92.65815329551697,0.001535823581061126,0.0,0.005916786470244765,0.007452610051305891,,,,
5816,0.001,adam,5817,92.66836285591125,0.0015365464176767536,0.0,0.004646065447228683,0.0061826118649054365,,,,
5817,0.001,adam,5818,92.69189453125,0.0015258677395107456,0.0,0.003912137198436867,0.0054380049379476126,,,,
5818,0.001,adam,5819,92.70397138595581,0.0015304038773359513,0.0,0.0029336123706603227,0.004464016247996274,,,,
5819,0.001,adam,5820,92.71380305290222,0.0015387410122274074,0.0,0.004952662790987501,0.006491403803214908,0.007850354051630325,0.0,0.0041267153650586235,0.011977069416688949
5820,0.001,adam,5821,92.7717969417572,0.0015307169866712073,0.0,0.004098588070069293,0.0056293050567405,,,,
5821,0.001,adam,5822,92.7825038433075,0.001534349004721921,0.0,0.004148752211336199,0.00568310121605812,,,,
5822,0.001,adam,5823,92.81006169319153,0.0015532013070752384,0.0,0.004599303399346188,0.006152504706421426,,,,
5823,0.001,adam,5824,92.82126021385193,0.0015537939376710716,0.0,0.003534077249169286,0.005087871186840357,,,,
5824,0.001,adam,5825,92.83143997192383,0.0015401157010608414,0.0,0.00473404236976422,0.006274158070825061,,,,
5825,0.001,adam,5826,92.84728264808655,0.001531504925978585,0.0,0.0031728531508276245,0.0047043580768062095,,,,
5826,0.001,adam,5827,92.85812449455261,0.0015324078937255965,0.0,0.004800770781662617,0.006333178675388213,,,,
5827,0.001,adam,5828,92.86975240707397,0.0015266703846574324,0.0,0.006774215912064599,0.008300886296722031,,,,
5828,0.001,adam,5829,92.90415811538696,0.0015184349181531242,0.0,0.007170818339308311,0.008689253257461435,,,,
5829,0.001,adam,5830,92.92698502540588,0.001560815986944958,0.0,0.009663287872889018,0.011224103859833976,,,,
5830,0.001,adam,5831,92.93817377090454,0.001578862711891858,0.0,0.008542432250783874,0.010121294962675732,,,,
5831,0.001,adam,5832,92.9470956325531,0.0015569459334995642,0.0,0.007240673054092313,0.008797618987591876,,,,
5832,0.001,adam,5833,92.9568543434143,0.0016002233535722039,0.0,0.005098375144255788,0.006698598497827992,,,,
5833,0.001,adam,5834,92.96988892555237,0.0015651819733088852,0.0,0.005723246490878726,0.0072884284641876115,,,,
5834,0.001,adam,5835,92.97975993156433,0.0015551337409869027,0.0,0.003554631563392279,0.005109765304379182,,,,
5835,0.001,adam,5836,92.98884916305542,0.0015397837283421581,0.0,0.0038843965874901685,0.005424180315832326,,,,
5836,0.001,adam,5837,92.99952864646912,0.0015248549500648935,0.0,0.004089284588354317,0.005614139538419211,,,,
5837,0.001,adam,5838,93.0143187046051,0.0015275695012098853,0.0,0.005637322626477028,0.007164892127686914,,,,
5838,0.001,adam,5839,93.03365349769592,0.0015404208009211016,0.0,0.0035474503774894396,0.0050878711784105414,,,,
5839,0.001,adam,5840,93.05237126350403,0.0015274454336525088,0.0,0.007044025479161177,0.008571470912813685,0.007712747263041372,0.0,0.00486624501090646,0.012578992273947832
5840,0.001,adam,5841,93.07401967048645,0.0015257880032424206,0.0,0.004354784394627514,0.005880572397869935,,,,
5841,0.001,adam,5842,93.08421277999878,0.0015271191756944167,0.0,0.0048822072118285985,0.006409326387523015,,,,
5842,0.001,adam,5843,93.09356737136841,0.00155293841122734,0.0,0.004168332071800072,0.005721270483027412,,,,
5843,0.001,adam,5844,93.10357308387756,0.001537253502713399,0.0,0.0036216403171599673,0.005158893819873367,,,,
5844,0.001,adam,5845,93.11678838729858,0.0015554701553126252,0.0,0.0032419296780924573,0.004797399833405083,,,,
5845,0.001,adam,5846,93.13280844688416,0.0015357124255668418,0.0,0.00849563557009991,0.010031347995666752,,,,
5846,0.001,adam,5847,93.15392136573792,0.0015357453104495827,0.0,0.004411650877070725,0.005947396187520307,,,,
5847,0.001,adam,5848,93.18001317977905,0.0015290780322558867,0.0,0.005205866894726745,0.006734944926982632,,,,
5848,0.001,adam,5849,93.19439888000488,0.0015166821767520677,0.0,0.0053695932938392435,0.0068862754705913114,,,,
5849,0.001,adam,5850,93.20475316047668,0.001510551242958659,0.0,0.003950654641291968,0.005461205884250627,,,,
5850,0.001,adam,5851,93.21607804298401,0.0015466141394363917,0.0,0.0032030995634455247,0.004749713702881917,,,,
5851,0.001,adam,5852,93.22747826576233,0.001545736893624319,0.0,0.0031231401733640466,0.0046688770669883655,,,,
5852,0.001,adam,5853,93.24329805374146,0.0015346802180190482,0.0,0.0041438430866493235,0.005678523304668372,,,,
5853,0.001,adam,5854,93.25520539283752,0.0015127824518782786,0.0,0.004044337481334901,0.00555711993321318,,,,
5854,0.001,adam,5855,93.2649176120758,0.001527951001490909,0.0,0.003746480396346237,0.0052744313978371465,,,,
5855,0.001,adam,5856,93.28414726257324,0.001525255945687854,0.0,0.003846356304144949,0.005371612249832803,,,,
5856,0.001,adam,5857,93.2953634262085,0.0015087902669837954,0.0,0.003229140161203314,0.0047379304281871095,,,,
5857,0.001,adam,5858,93.30719304084778,0.0015139731406044645,0.0,0.0035010413515552453,0.00501501449215971,,,,
5858,0.001,adam,5859,93.32109451293945,0.001538608867202719,0.0,0.00361831318009675,0.0051569220472994694,,,,
5859,0.001,adam,5860,93.33505487442017,0.001537826445170787,0.0,0.005502510475318038,0.007040336920488825,0.007763704960207586,0.0,0.004471030724169957,0.012234735684377543
5860,0.001,adam,5861,93.35851669311523,0.0015463262997510992,0.0,0.004406632428474622,0.0059529587282257206,,,,
5861,0.001,adam,5862,93.37951707839966,0.0015418401408497885,0.0,0.0068565480867806144,0.008398388227630404,,,,
5862,0.001,adam,5863,93.38961386680603,0.0015366479896569937,0.0,0.005047941533494904,0.006584589523151898,,,,
5863,0.001,adam,5864,93.40241956710815,0.0015468257501232224,0.0,0.006190324321434321,0.007737150071557543,,,,
5864,0.001,adam,5865,93.41570019721985,0.0015367748169082492,0.0,0.004851872390570963,0.006388647207479212,,,,
5865,0.001,adam,5866,93.42624640464783,0.001529995079381573,0.0,0.004697111357359897,0.006227106436741471,,,,
5866,0.001,adam,5867,93.43920278549194,0.001529938693501693,0.0,0.005089092802629938,0.0066190314961316315,,,,
5867,0.001,adam,5868,93.44804644584656,0.0015300145890674323,0.0,0.00599095868585392,0.007520973274921352,,,,
5868,0.001,adam,5869,93.46726846694946,0.0015253673259569471,0.0,0.005913652371327356,0.007439019697284303,,,,
5869,0.001,adam,5870,93.48720812797546,0.001514781130552846,0.0,0.005581268348346086,0.007096049478898932,,,,
5870,0.001,adam,5871,93.49723386764526,0.001548047441712523,0.0,0.009741472620357464,0.011289520062069987,,,,
5871,0.001,adam,5872,93.50703883171082,0.0015497142092475804,0.0,0.18723316874198154,0.1887828829512291,,,,
5872,0.001,adam,5873,93.5242919921875,0.001544869217758892,0.0,0.01747628569790423,0.01902115491566312,,,,
5873,0.001,adam,5874,93.54215669631958,0.0015524448681109829,0.0,0.006500286636676972,0.008052731504787955,,,,
5874,0.001,adam,5875,93.5544810295105,0.0015627302416747037,0.0,0.005997949560381935,0.007560679802056639,,,,
5875,0.001,adam,5876,93.56594777107239,0.0015385564196090558,0.0,0.0046832565605557834,0.006221812980164839,,,,
5876,0.001,adam,5877,93.5765163898468,0.0015373948993931247,0.0,0.006743747488316283,0.008281142387709408,,,,
5877,0.001,adam,5878,93.58761358261108,0.0015609295224592455,0.0,0.004598884202095174,0.00615981372455442,,,,
5878,0.001,adam,5879,93.59711194038391,0.0015349020301152843,0.0,0.003811729778868176,0.00534663180898346,,,,
5879,0.001,adam,5880,93.61000800132751,0.0015338251179286436,0.0,0.005837097622172995,0.007370922740101638,0.007727696963251302,0.0,0.005687406186181912,0.013415103149433213
5880,0.001,adam,5881,93.64781999588013,0.0015293921603412191,0.0,0.0068682426334412475,0.008397634793782466,,,,
5881,0.001,adam,5882,93.66219234466553,0.0015197815289988068,0.0,0.006934064778745261,0.008453846307744067,,,,
5882,0.001,adam,5883,93.67308378219604,0.001530999095050618,0.0,0.007708047330404424,0.009239046425455042,,,,
5883,0.001,adam,5884,93.6834626197815,0.0015396555102007148,0.0,0.01690599755811626,0.018445653068316976,,,,
5884,0.001,adam,5885,93.698326587677,0.0015356335834311647,0.0,0.006118783547019035,0.007654417130450199,,,,
5885,0.001,adam,5886,93.72142362594604,0.0015384606691896433,0.0,0.004334162620966738,0.005872623290156381,,,,
5886,0.001,adam,5887,93.73347187042236,0.001521925492289142,0.0,0.004634245150158973,0.006156170642448115,,,,
5887,0.001,adam,5888,93.74323177337646,0.0015331855053316394,0.0,0.005137679383644254,0.006670864888975894,,,,
5888,0.001,adam,5889,93.75979995727539,0.0015401251419232772,0.0,0.006445565157077315,0.007985690299000592,,,,
5889,0.001,adam,5890,93.7695803642273,0.0015319843149636863,0.0,0.010530438063120416,0.012062422378084102,,,,
5890,0.001,adam,5891,93.78126740455627,0.0015287920436725228,0.0,0.006411850972798101,0.007940643016470624,,,,
5891,0.001,adam,5892,93.7928855419159,0.0015682556203637748,0.0,0.006953736244721634,0.00852199186508541,,,,
5892,0.001,adam,5893,93.80226039886475,0.0015303210135774483,0.0,0.005960364783218941,0.00749068579679639,,,,
5893,0.001,adam,5894,93.81153392791748,0.0015162100345077084,0.0,0.003566330140951745,0.005082540175459453,,,,
5894,0.001,adam,5895,93.8267092704773,0.0015339697839927818,0.0,0.004903957305964536,0.006437927089957318,,,,
5895,0.001,adam,5896,93.83693408966064,0.0015058758490148253,0.0,0.004589128454500911,0.006095004303515736,,,,
5896,0.001,adam,5897,93.84786176681519,0.0015071929851240456,0.0,0.005897177589813207,0.007404370574937253,,,,
5897,0.001,adam,5898,93.86725115776062,0.0015341280534985305,0.0,0.004650457222797425,0.006184585276295955,,,,
5898,0.001,adam,5899,93.87800145149231,0.001525753685259779,0.0,0.003462997202601647,0.004988750887861426,,,,
5899,0.001,adam,5900,93.88781905174255,0.001503702229270246,0.0,0.004306550484860361,0.005810252714130607,0.007715824263189281,0.0,0.004566315245074271,0.012282139508263552
5900,0.001,adam,5901,93.90660357475281,0.0014951597321618355,0.0,0.009156724353169218,0.010651884085331053,,,,
5901,0.001,adam,5902,93.92703104019165,0.0015386264219555792,0.0,0.0063929139440643944,0.007931540366019974,,,,
5902,0.001,adam,5903,93.9380235671997,0.0015150136880016905,0.0,0.005733436109903414,0.0072484497979051045,,,,
5903,0.001,adam,5904,93.95000886917114,0.0015202873252698151,0.0,0.006663739832549746,0.008184027157819561,,,,
5904,0.001,adam,5905,93.96000933647156,0.0014983649242139186,0.0,0.005336702137558864,0.006835067061772782,,,,
5905,0.001,adam,5906,93.96978235244751,0.0015210692456113324,0.0,0.006537816132008256,0.008058885377619588,,,,
5906,0.001,adam,5907,93.98447775840759,0.00153857316191486,0.0,0.005171421752775589,0.006709994914690449,,,,
5907,0.001,adam,5908,93.99526596069336,0.0015131170991614642,0.0,0.00444857016580681,0.005961687264968274,,,,
5908,0.001,adam,5909,94.00587773323059,0.0015508621678347217,0.0,0.009347648117581911,0.010898510285416633,,,,
5909,0.001,adam,5910,94.01745891571045,0.0015112681480154836,0.0,0.00816819667637437,0.009679464824389854,,,,
5910,0.001,adam,5911,94.03357005119324,0.0015279194278682321,0.0,0.011933377824332977,0.013461297252201208,,,,
5911,0.001,adam,5912,94.04391741752625,0.0015210859196999906,0.0,0.008361799903840996,0.009882885823540986,,,,
5912,0.001,adam,5913,94.05746793746948,0.0015520868068394657,0.0,0.008662145261814368,0.010214232068653835,,,,
5913,0.001,adam,5914,94.06815457344055,0.0015139426678418512,0.0,0.0036467184167807256,0.005160661084622577,,,,
5914,0.001,adam,5915,94.07763814926147,0.0015131094501488218,0.0,0.009369215925934224,0.010882325376083045,,,,
5915,0.001,adam,5916,94.09032821655273,0.0015325343513715732,0.0,0.0073924638008099645,0.008924998152181538,,,,
5916,0.001,adam,5917,94.10073661804199,0.00151966493954556,0.0,0.007662067485652934,0.009181732425198494,,,,
5917,0.001,adam,5918,94.11497616767883,0.0015659801175369576,0.0,0.01587101897607231,0.017436999093609268,,,,
5918,0.001,adam,5919,94.1268196105957,0.0015066593920871432,0.0,0.012503278266314675,0.014009937658401818,,,,
5919,0.001,adam,5920,94.1379406452179,0.001558741061424278,0.0,0.01962401608179169,0.021182757143215967,0.007603637793310925,0.0,0.008600700741748752,0.016204338535059676
5920,0.001,adam,5921,94.15621900558472,0.001529967477326147,0.0,0.008074221493710884,0.009604188971037032,,,,
5921,0.001,adam,5922,94.1655650138855,0.0015302548869007735,0.0,0.01197521889805587,0.013505473784956644,,,,
5922,0.001,adam,5923,94.18002033233643,0.0015256759371512576,0.0,0.0075372953372550445,0.009062971274406303,,,,
5923,0.001,adam,5924,94.19263458251953,0.0015017854892493282,0.0,0.008966146129309122,0.01046793161855845,,,,
5924,0.001,adam,5925,94.2025499343872,0.0015323399953948626,0.0,0.012077307985264693,0.013609647980659556,,,,
5925,0.001,adam,5926,94.21487402915955,0.0014966091145179954,0.0,0.0048086947267721334,0.006305303841290129,,,,
5926,0.001,adam,5927,94.22996234893799,0.0016200465047700903,0.0,0.009980610229722119,0.01160065673449221,,,,
5927,0.001,adam,5928,94.23981237411499,0.0015326119522899838,0.0,0.004506683674696503,0.006039295626986486,,,,
5928,0.001,adam,5929,94.25066781044006,0.0015451520633229128,0.0,0.01143926371907763,0.012984415782400543,,,,
5929,0.001,adam,5930,94.2619833946228,0.0015280111390204095,0.0,0.006255089143196344,0.007783100282216753,,,,
5930,0.001,adam,5931,94.27398228645325,0.0015634280221643005,0.0,0.012689111491664695,0.014252539513828995,,,,
5931,0.001,adam,5932,94.28556990623474,0.0015608433763269593,0.0,0.013158952465073464,0.014719795841400422,,,,
5932,0.001,adam,5933,94.30449533462524,0.0015195231142246981,0.0,0.010244888496485399,0.011764411610710096,,,,
5933,0.001,adam,5934,94.3181083202362,0.0015399462537542133,0.0,0.008220423567704745,0.009760369821458958,,,,
5934,0.001,adam,5935,94.32829189300537,0.0015533550770042632,0.0,0.004502228939045522,0.006055584016049786,,,,
5935,0.001,adam,5936,94.3385112285614,0.0016167859051836463,0.0,0.008521544853770787,0.010138330758954433,,,,
5936,0.001,adam,5937,94.34782671928406,0.0015289550082771752,0.0,0.01056432713465703,0.012093282142934206,,,,
5937,0.001,adam,5938,94.3620183467865,0.0015576648832170239,0.0,0.015095312579604347,0.01665297746282137,,,,
5938,0.001,adam,5939,94.37251281738281,0.0015594735717020002,0.0,0.012411215076768598,0.013970688648470599,,,,
5939,0.001,adam,5940,94.3841233253479,0.0015342991339157275,0.0,0.011481223986314461,0.013015523120230188,0.00786228444784384,0.0,0.006774226663289931,0.014636511111133772
5940,0.001,adam,5941,94.40717554092407,0.00155394319520151,0.0,0.007455018446155559,0.00900896164135707,,,,
5941,0.001,adam,5942,94.41715741157532,0.0015462273311179166,0.0,0.006137474893633562,0.007683702224751478,,,,
5942,0.001,adam,5943,94.43800115585327,0.001561778672416403,0.0,0.018221446325984332,0.019783224998400736,,,,
5943,0.001,adam,5944,94.45645117759705,0.001578341087593888,0.0,0.012780417629502262,0.014358758717096149,,,,
5944,0.001,adam,5945,94.46716332435608,0.0015426328096374022,0.0,0.009889620835690904,0.011432253645328306,,,,
5945,0.001,adam,5946,94.47826647758484,0.001573101990056553,0.0,0.008093425899332882,0.009666527889389435,,,,
5946,0.001,adam,5947,94.4911539554596,0.001565664774363788,0.0,0.006768041426162328,0.008333706200526116,,,,
5947,0.001,adam,5948,94.50343585014343,0.001529769384465514,0.0,0.003774764875067689,0.005304534259533204,,,,
5948,0.001,adam,5949,94.53617334365845,0.0015145370223883083,0.0,0.003758880636263963,0.0052734176586522715,,,,
5949,0.001,adam,5950,94.54917693138123,0.001543115069384039,0.0,0.005291243078031863,0.006834358147415902,,,,
5950,0.001,adam,5951,94.56796288490295,0.0015822184601144735,0.0,0.005897080864034057,0.00747929932414853,,,,
5951,0.001,adam,5952,94.5854127407074,0.0015521018366418005,0.0,0.0038430543353916227,0.005395156172033423,,,,
5952,0.001,adam,5953,94.59515428543091,0.0015780770232540328,0.0,0.004628053344696305,0.006206130367950338,,,,
5953,0.001,adam,5954,94.62606406211853,0.001584417542392519,0.0,0.005161113312109342,0.006745530854501861,,,,
5954,0.001,adam,5955,94.64118480682373,0.0015402252825937228,0.0,0.005099098820145033,0.006639324102738756,,,,
5955,0.001,adam,5956,94.65190935134888,0.0015191909520167767,0.0,0.006971756335008514,0.008490947287025291,,,,
5956,0.001,adam,5957,94.66969084739685,0.001534642867585433,0.0,0.006635123892354514,0.008169766759939946,,,,
5957,0.001,adam,5958,94.68433237075806,0.0015185497162356824,0.0,0.0040566798651653635,0.005575229581401046,,,,
5958,0.001,adam,5959,94.70366215705872,0.0015172215990981576,0.0,0.003848107464072885,0.0053653290631710425,,,,
5959,0.001,adam,5960,94.71517753601074,0.0015182508087758873,0.0,0.008162490076850413,0.0096807408856263,0.007624249619497368,0.0,0.010248679856629328,0.017872929476126696
5960,0.001,adam,5961,94.73638820648193,0.0015084557886927508,0.0,0.011612169961711499,0.01312062575040425,,,,
5961,0.001,adam,5962,94.74647188186646,0.0015090896851015776,0.0,0.010919299490325501,0.012428389175427079,,,,
5962,0.001,adam,5963,94.75667810440063,0.001510560984858237,0.0,0.007887626495997576,0.009398187480855814,,,,
5963,0.001,adam,5964,94.76650619506836,0.0015152820029850338,0.0,0.003809035616612275,0.005324317619597309,,,,
5964,0.001,adam,5965,94.77683138847351,0.0014951152450388202,0.0,0.002503595355781627,0.003998710600820447,,,,
5965,0.001,adam,5966,94.79268956184387,0.0014969699372486293,0.0,0.004657366747006006,0.006154336684254635,,,,
5966,0.001,adam,5967,94.80319666862488,0.0015049277459926115,0.0,0.00559282536839361,0.007097753114386221,,,,
5967,0.001,adam,5968,94.8152322769165,0.0014997525806474238,0.0,0.005052393758357638,0.006552146339005062,,,,
5968,0.001,adam,5969,94.82729721069336,0.0014879653832777593,0.0,0.0036702028028571627,0.005158168186134922,,,,
5969,0.001,adam,5970,94.8371832370758,0.0014889220355473885,0.0,0.002952398363791125,0.004441320399338514,,,,
5970,0.001,adam,5971,94.85426568984985,0.0014854642765292757,0.0,0.0030558469505577663,0.004541311227087042,,,,
5971,0.001,adam,5972,94.86588072776794,0.001493930693730472,0.0,0.005109490110346847,0.006603420804077319,,,,
5972,0.001,adam,5973,94.87604260444641,0.0014845660711556982,0.0,0.005115966421534724,0.006600532492690422,,,,
5973,0.001,adam,5974,94.88699126243591,0.001512160737068378,0.0,0.004040242405762538,0.0055524031428309155,,,,
5974,0.001,adam,5975,94.89916777610779,0.0014955155158484588,0.0,0.002750375003612893,0.004245890519461352,,,,
5975,0.001,adam,5976,94.90960311889648,0.0014948014410282326,0.0,0.003601305256168233,0.005096106697196465,,,,
5976,0.001,adam,5977,94.91973304748535,0.0014753497751950429,0.0,0.003982213299994029,0.0054575630751890715,,,,
5977,0.001,adam,5978,94.93508672714233,0.0015118674296154073,0.0,0.004107754921684142,0.00561962235129955,,,,
5978,0.001,adam,5979,94.94602823257446,0.0014752681332044417,0.0,0.003360681389558827,0.004835949522763268,,,,
5979,0.001,adam,5980,94.95796036720276,0.0014951955579989098,0.0,0.004133834185552256,0.005629029743551166,0.007723823728667992,0.0,0.003406134441965727,0.011129958170633718
5980,0.001,adam,5981,94.97771763801575,0.0014809582841301707,0.0,0.003675369900837325,0.005156328184967495,,,,
5981,0.001,adam,5982,94.98782086372375,0.0014892334078945913,0.0,0.0038609798712171037,0.005350213279111695,,,,
5982,0.001,adam,5983,95.0025064945221,0.0014940074208757332,0.0,0.004683408958655589,0.006177416379531322,,,,
5983,0.001,adam,5984,95.02244687080383,0.0014856163331288515,0.0,0.004028871159606307,0.0055144874927351584,,,,
5984,0.001,adam,5985,95.0349748134613,0.0015123000465035311,0.0,0.0059019784149280715,0.007414278461431603,,,,
5985,0.001,adam,5986,95.04588007926941,0.0015077356604193124,0.0,0.004828527004567973,0.006336262664987285,,,,
5986,0.001,adam,5987,95.0602719783783,0.0014783260134365959,0.0,0.008092466580195447,0.009570792593632043,,,,
5987,0.001,adam,5988,95.07438230514526,0.001498758550093975,0.0,0.013083862207818842,0.014582620757912817,,,,
5988,0.001,adam,5989,95.08425807952881,0.0014974860250455122,0.0,0.010323292858583024,0.011820778883628535,,,,
5989,0.001,adam,5990,95.09371423721313,0.0014779278023359325,0.0,0.0039981245485833945,0.005476052350919327,,,,
5990,0.001,adam,5991,95.10446095466614,0.0014890690817339761,0.0,0.004209128287164055,0.005698197368898031,,,,
5991,0.001,adam,5992,95.11898112297058,0.0014901881151684485,0.0,0.007558503329572133,0.009048691444740582,,,,
5992,0.001,adam,5993,95.14104390144348,0.0015043865290843166,0.0,0.009565842895561474,0.01107022942464579,,,,
5993,0.001,adam,5994,95.15107750892639,0.0015087923322185481,0.0,0.011826974871919266,0.013335767204137814,,,,
5994,0.001,adam,5995,95.1615960597992,0.0014983781785526192,0.0,0.006530968913382141,0.00802934709193476,,,,
5995,0.001,adam,5996,95.1716856956482,0.0015019501413706848,0.0,0.004743069443367563,0.006245019584738248,,,,
5996,0.001,adam,5997,95.18363809585571,0.0014926149505749102,0.0,0.008285044412993454,0.009777659363568364,,,,
5997,0.001,adam,5998,95.19628810882568,0.0015126619688561088,0.0,0.013178140369854124,0.014690802338710233,,,,
5998,0.001,adam,5999,95.21502447128296,0.0014937169826258808,0.0,0.009710120896337139,0.01120383787896302,,,,
5999,0.001,adam,6000,95.22596287727356,0.0014805044948764956,0.0,0.004223362950518839,0.005703867445395334,0.007798902803553457,0.0,0.005250350962472905,0.013049253766026362
6020,0.0,lbfgs,6020,99.01744985580444,,,,0.004051244748212963,0.007703008383317217,0.0,0.002687984854887137,0.010390993238204353
6040,0.0,lbfgs,6040,101.20734024047852,,,,0.003784018649354971,0.007543766562005354,0.0,0.002633497618154628,0.010177264180159983
6060,0.0,lbfgs,6060,103.60386109352112,,,,0.003565778822504856,0.0074288741699905445,0.0,0.002480992823407969,0.009909866993398513
6080,0.0,lbfgs,6080,105.99695348739624,,,,0.0033685449951643643,0.007188978046542832,0.0,0.0023560088919423448,0.009544986938485177
6100,0.0,lbfgs,6100,108.1969678401947,,,,0.0031558668830885123,0.007119357249994574,0.0,0.002225440303957249,0.009344797553951824
6120,0.0,lbfgs,6120,110.34274816513062,,,,0.002975067893668242,0.00702955538344399,0.0,0.002166248561030884,0.009195803944474874
6140,0.0,lbfgs,6140,112.5980932712555,,,,0.00281396192616946,0.006954950659676401,0.0,0.0021125782915530577,0.009067528951229458
6160,0.0,lbfgs,6160,114.7441782951355,,,,0.0027024348743433057,0.006939040069896364,0.0,0.0020304851701478848,0.008969525240044249
6180,0.0,lbfgs,6180,117.01301193237305,,,,0.0025477924154432936,0.006856298754334249,0.0,0.0019151345185808182,0.008771433272915068
6200,0.0,lbfgs,6200,119.31504368782043,,,,0.002453792456208116,0.006893643002723762,0.0,0.0018502516777169206,0.008743894680440682
6220,0.0,lbfgs,6220,121.74407887458801,,,,0.0023604285795048655,0.006902450244138632,0.0,0.0017837418205155046,0.008686192064654137
6240,0.0,lbfgs,6240,124.28098464012146,,,,0.002264817144356269,0.006809569884789497,0.0,0.0016980888038662446,0.008507658688655741
6260,0.0,lbfgs,6260,126.69198346138,,,,0.002192349816671218,0.006771764633854025,0.0,0.0015978336841398625,0.008369598317993887
6280,0.0,lbfgs,6280,129.00563788414001,,,,0.00212461212693044,0.0067203877266328,0.0,0.0015464000704740535,0.008266787797106854
6300,0.0,lbfgs,6300,131.148193359375,,,,0.0020609570385568795,0.006726659534022909,0.0,0.0014798194309867934,0.008206478965009702
6320,0.0,lbfgs,6320,133.5507357120514,,,,0.002008489324106628,0.00672272513329534,0.0,0.0014049297085135066,0.008127654841808846
6340,0.0,lbfgs,6340,135.72823929786682,,,,0.0019496033191264608,0.006726404506252443,0.0,0.0013163390010965618,0.008042743507349005
6360,0.0,lbfgs,6360,138.46221041679382,,,,0.0019028982218081568,0.006650420954428415,0.0,0.0012769819226005196,0.007927402877028936
6380,0.0,lbfgs,6380,141.01044297218323,,,,0.0018590733233210415,0.006672149262077354,0.0,0.0012381122274553874,0.007910261489532742
6400,0.0,lbfgs,6400,143.8568034172058,,,,0.0018153343872034404,0.0066923669843123295,0.0,0.0011816053852443304,0.00787397236955666
6420,0.0,lbfgs,6420,146.65809035301208,,,,0.0017732077908333313,0.006691012469151512,0.0,0.0011260315644935903,0.007817044033645103
6440,0.0,lbfgs,6440,149.59060406684875,,,,0.0017383795817217038,0.006647974518361932,0.0,0.0010722143241645287,0.00772018884252646
6460,0.0,lbfgs,6460,152.41310453414917,,,,0.0017028606866302876,0.006640599529474412,0.0,0.0010706478270365951,0.007711247356511007
6480,0.0,lbfgs,6480,155.1713206768036,,,,0.0016741097511205152,0.006675947075995866,0.0,0.0010422747159463167,0.007718221791942183
6500,0.0,lbfgs,6500,157.99372911453247,,,,0.0016403551768995528,0.006720204499786075,0.0,0.0010192959455900682,0.007739500445376143
6520,0.0,lbfgs,6520,160.7848563194275,,,,0.0016153151615745285,0.006708413468311551,0.0,0.0010075174384424621,0.007715930906754013
6540,0.0,lbfgs,6540,163.91411781311035,,,,0.0015864532966039422,0.006686072139278701,0.0,0.0009853551535273918,0.0076714272928060925
6560,0.0,lbfgs,6560,166.62394070625305,,,,0.0015591314263599864,0.00666059432113837,0.0,0.0009508791307883659,0.007611473451926736
6580,0.0,lbfgs,6580,169.58194494247437,,,,0.0015334645056967536,0.006660467902024577,0.0,0.0009258508305228986,0.007586318732547476
6600,0.0,lbfgs,6600,172.19574546813965,,,,0.0015126446129555822,0.0066974716700857325,0.0,0.0008970850431518771,0.007594556713237609
6620,0.0,lbfgs,6620,174.70866894721985,,,,0.0014920348045381184,0.006679731321843849,0.0,0.0008754393479721255,0.007555170669815974
6640,0.0,lbfgs,6640,177.79135251045227,,,,0.0014698465543705917,0.006621050893199633,0.0,0.0008531081917329239,0.007474159084932557
6660,0.0,lbfgs,6660,180.52570843696594,,,,0.0014490023942923102,0.006589397283608298,0.0,0.0008406111213966627,0.00743000840500496
6680,0.0,lbfgs,6680,183.39575362205505,,,,0.0014275846581836165,0.006561774060830515,0.0,0.0008239210900236425,0.007385695150854158
6700,0.0,lbfgs,6700,186.22882962226868,,,,0.001407678488661622,0.006561403182516201,0.0,0.0008072252587556664,0.0073686284412718675
6720,0.0,lbfgs,6720,189.1166844367981,,,,0.001387311350977563,0.006510169086916983,0.0,0.0007904106249755701,0.007300579711892553
6740,0.0,lbfgs,6740,192.28304386138916,,,,0.0013664408843237822,0.006430992932480869,0.0,0.0007634353224127591,0.007194428254893628
6760,0.0,lbfgs,6760,195.29065346717834,,,,0.0013481580767391419,0.0063863923793994115,0.0,0.0007420900162766817,0.007128482395676093
6780,0.0,lbfgs,6780,198.23585748672485,,,,0.0013368432841121512,0.006382269658903415,0.0,0.0007296558697060821,0.007111925528609497
6800,0.0,lbfgs,6800,201.26735830307007,,,,0.0013219236474022377,0.006375793682496311,0.0,0.0007134629312850336,0.007089256613781344
6820,0.0,lbfgs,6820,204.20677828788757,,,,0.0013061155827004743,0.00638549875642734,0.0,0.000695804373923938,0.007081303130351278
6840,0.0,lbfgs,6840,207.3530309200287,,,,0.0012951132961879189,0.006335686273941517,0.0,0.0006821253918032113,0.007017811665744728
6860,0.0,lbfgs,6860,210.05461478233337,,,,0.0012834822706575114,0.00635305817575182,0.0,0.0006723679607325872,0.0070254261364844075
6880,0.0,lbfgs,6880,213.0348560810089,,,,0.001273694558431846,0.006330342095782214,0.0,0.0006588241459870189,0.006989166241769233
6900,0.0,lbfgs,6900,215.70347809791565,,,,0.0012624399517670837,0.006340040775907459,0.0,0.0006504735395234567,0.0069905143154309155
6920,0.0,lbfgs,6920,218.49268794059753,,,,0.0012492174407182652,0.006303065254894409,0.0,0.000645862490967465,0.006948927745861874
6940,0.0,lbfgs,6940,221.4139380455017,,,,0.0012378662110564386,0.006312913880993633,0.0,0.0006447429943866994,0.006957656875380332
6960,0.0,lbfgs,6960,224.4756588935852,,,,0.0012292773832287543,0.006330713712281622,0.0,0.0006456317455356424,0.006976345457817264
6980,0.0,lbfgs,6980,229.15970468521118,,,,0.0012209261947431415,0.006336132928335584,0.0,0.000652133770525032,0.006988266698860616
7000,0.0,lbfgs,7000,234.00265097618103,,,,0.0012131041457707791,0.006348361083332871,0.0,0.0006482111630447309,0.006996572246377602
7020,0.0,lbfgs,7020,237.05967831611633,,,,0.0012031166238674683,0.0063441960775812885,0.0,0.000640139742752207,0.006984335820333495
7040,0.0,lbfgs,7040,240.22858715057373,,,,0.0011942727180397651,0.006357600259507946,0.0,0.0006362807774694567,0.0069938810369774024
7060,0.0,lbfgs,7060,243.29147219657898,,,,0.0011853513026638192,0.006337701038567195,0.0,0.0006262507121246705,0.006963951750691866
7080,0.0,lbfgs,7080,246.1201765537262,,,,0.0011750590280267229,0.0063463382579125975,0.0,0.0006234031477997446,0.006969741405712342
7100,0.0,lbfgs,7100,249.3311746120453,,,,0.0011668699138666597,0.006360030130327337,0.0,0.00061211442179969,0.006972144552127027
7120,0.0,lbfgs,7120,252.40721035003662,,,,0.0011596542097058163,0.006326425708027145,0.0,0.000612696822019082,0.006939122530046226
7140,0.0,lbfgs,7140,255.12580752372742,,,,0.0011519574572621902,0.006319405761217497,0.0,0.0006080755656034052,0.006927481326820902
7160,0.0,lbfgs,7160,258.06588673591614,,,,0.0011450307262996116,0.006299677998031466,0.0,0.0006008371155990228,0.006900515113630488
7180,0.0,lbfgs,7180,261.15233635902405,,,,0.0011377698269144567,0.006277877802503961,0.0,0.0005875629590323504,0.006865440761536312
7200,0.0,lbfgs,7200,263.80891370773315,,,,0.0011300558579100182,0.006244822900176667,0.0,0.0005846053008805106,0.006829428201057178
7220,0.0,lbfgs,7220,266.81019616127014,,,,0.0011244007667857263,0.006255261957801664,0.0,0.0005841680697299005,0.006839430027531564
7240,0.0,lbfgs,7240,269.8854355812073,,,,0.001117122599678572,0.006245031604236081,0.0,0.000574295452458759,0.00681932705669484
7260,0.0,lbfgs,7260,273.0052053928375,,,,0.0011108391003164684,0.006245934942259427,0.0,0.0005636728286851033,0.00680960777094453
7280,0.0,lbfgs,7280,275.6775267124176,,,,0.0011049953101125232,0.006245219462484456,0.0,0.0005556766167998424,0.006800896079284299
7300,0.0,lbfgs,7300,278.5725648403168,,,,0.0010989400123236437,0.006231940143262796,0.0,0.0005489038464075401,0.006780843989670336
7320,0.0,lbfgs,7320,281.1242184638977,,,,0.0010937368027216972,0.006203837155711067,0.0,0.0005424964747759994,0.006746333630487066
7340,0.0,lbfgs,7340,284.0226366519928,,,,0.0010886403177127564,0.006208554535032356,0.0,0.0005363438557661614,0.006744898390798518
7360,0.0,lbfgs,7360,286.90214490890503,,,,0.0010833292467182236,0.0062181431965958826,0.0,0.000528296174582382,0.006746439371178264
7380,0.0,lbfgs,7380,289.8938066959381,,,,0.0010782914222231407,0.006249487218060298,0.0,0.0005247162470896821,0.00677420346514998
7400,0.0,lbfgs,7400,292.7658896446228,,,,0.0010731008839720514,0.006234119009295913,0.0,0.0005138838015552855,0.006748002810851198
7420,0.0,lbfgs,7420,295.46440148353577,,,,0.0010671826774034773,0.006231164512494769,0.0,0.0005030660380791663,0.006734230550573935
7440,0.0,lbfgs,7440,298.3586232662201,,,,0.0010629422092390587,0.00622594512672822,0.0,0.0005016103603026858,0.006727555487030906
7460,0.0,lbfgs,7460,301.38940238952637,,,,0.0010575695426307775,0.006214514046845239,0.0,0.0004981122158706357,0.006712626262715874
7480,0.0,lbfgs,7480,304.2853479385376,,,,0.0010531075752197973,0.006226587308513112,0.0,0.0004896709533703975,0.00671625826188351
7500,0.0,lbfgs,7500,307.30817794799805,,,,0.0010483946151546063,0.006207197232749013,0.0,0.0004887202788722535,0.006695917511621266
7520,0.0,lbfgs,7520,309.8888170719147,,,,0.0010441273151561032,0.006181001411492694,0.0,0.00048742180488441924,0.006668423216377114
7540,0.0,lbfgs,7540,312.7353370189667,,,,0.0010400183119850252,0.0061440349999773575,0.0,0.0004819028182820432,0.0066259378182594005
7560,0.0,lbfgs,7560,315.6970453262329,,,,0.00103735481574913,0.006136386705234481,0.0,0.0004766997131987625,0.006613086418433244
7580,0.0,lbfgs,7580,318.5087435245514,,,,0.0010340079918987831,0.006118735069502616,0.0,0.00047406991658432334,0.0065928049860869385
7600,0.0,lbfgs,7600,321.50446796417236,,,,0.0010301355463899395,0.0061260790277390354,0.0,0.0004701556404514227,0.006596234668190458
7620,0.0,lbfgs,7620,324.58458948135376,,,,0.001026133290658257,0.006113450054192576,0.0,0.00046211019789270863,0.006575560252085284
7640,0.0,lbfgs,7640,327.3086977005005,,,,0.0010218445891173062,0.006083463129950962,0.0,0.0004547056736601907,0.006538168803611153
7660,0.0,lbfgs,7660,330.3315281867981,,,,0.0010178561768966325,0.006062143152895547,0.0,0.0004490546127705832,0.00651119776566613
7680,0.0,lbfgs,7680,333.167617559433,,,,0.0010148667256942696,0.006042747590697319,0.0,0.0004454371911709096,0.006488184781868229
7700,0.0,lbfgs,7700,336.29560470581055,,,,0.0010108986039065633,0.006020869079149146,0.0,0.00043665583939912176,0.006457524918548268
7720,0.0,lbfgs,7720,338.92384934425354,,,,0.001007306582606043,0.006008079027275229,0.0,0.00042438399164075174,0.006432463018915981
7740,0.0,lbfgs,7740,341.9794223308563,,,,0.0010042253150453623,0.006000574665036515,0.0,0.00041753659642510216,0.006418111261461618
7760,0.0,lbfgs,7760,345.08191084861755,,,,0.0010013202331762812,0.005969630974721375,0.0,0.00041237759776606957,0.006382008572487444
7780,0.0,lbfgs,7780,347.9984974861145,,,,0.0009984286349362921,0.005952819644462851,0.0,0.0004054328186336161,0.006358252463096467
7800,0.0,lbfgs,7800,350.9378430843353,,,,0.0009948421766669653,0.005943622580436765,0.0,0.00039854414441064774,0.006342166724847413
7820,0.0,lbfgs,7820,353.79298973083496,,,,0.0009921962692256681,0.0059561035432895305,0.0,0.00039308805328798924,0.00634919159657752
7840,0.0,lbfgs,7840,356.6908435821533,,,,0.0009892412106522837,0.00595390217491491,0.0,0.0003890545342929832,0.006342956709207893
7860,0.0,lbfgs,7860,360.0424246788025,,,,0.0009856983279195224,0.0059478588886978205,0.0,0.0003878926955922233,0.006335751584290044
7880,0.0,lbfgs,7880,362.99396443367004,,,,0.0009823881945101702,0.005913322279725985,0.0,0.00038287251634683934,0.006296194796072825
7900,0.0,lbfgs,7900,365.9260482788086,,,,0.0009795770278986833,0.00590680089762944,0.0,0.0003798985578427269,0.006286699455472167
7920,0.0,lbfgs,7920,368.88860726356506,,,,0.0009757139394302791,0.005896102627047753,0.0,0.0003766824046749148,0.006272785031722668
7940,0.0,lbfgs,7940,371.58576560020447,,,,0.0009728893482159345,0.0058966743782515865,0.0,0.0003738944725769063,0.0062705688508284925
7960,0.0,lbfgs,7960,374.5573573112488,,,,0.0009706587347086799,0.005879207462607357,0.0,0.0003719025185525526,0.00625110998115991
7980,0.0,lbfgs,7980,377.4934024810791,,,,0.0009682069348414484,0.005861277348790065,0.0,0.0003697358006263519,0.006231013149416417
8000,0.0,lbfgs,8000,380.6901783943176,,,,0.0009654323299079011,0.00583854801232893,0.0,0.00036928399087831547,0.006207832003207246
